390;37.72119;-122.475096;
660;37.723914;-122.435387;
913;37.719192;-122.425802;
3003;37.781827;-122.391945;
3004;37.781854;-122.392232;
3008;37.785318;-122.396562;
3009;37.784532;-122.395325;
3010;37.784095;-122.395016;
3011;37.786559;-122.398109;
3012;37.789067;-122.401306;
3013;37.78862;-122.40065;
3015;37.780622;-122.390685;
3016;37.772618;-122.389786;
3018;37.727739;-122.40324;
3019;37.727645;-122.403269;
3020;37.72667;-122.40746;
3021;37.72654;-122.40766;
3023;37.790249;-122.482263;
3024;37.797606;-122.445693;
3025;37.798311;-122.401093;
3026;37.80216;-122.40184;
3029;37.80055;-122.40151;
3030;37.79686;-122.40077;
3031;37.806094;-122.409161;
3032;37.777396;-122.461751;
3033;37.777262;-122.461969;
3034;37.777289;-122.464158;
3035;37.777173;-122.463849;
3036;37.777199;-122.466038;
3037;37.777065;-122.466256;
3038;37.777101;-122.46817;
3039;37.776967;-122.468388;
3040;37.777002;-122.470313;
3041;37.776868;-122.470531;
3042;37.77678;-122.4727;
3043;37.77676;-122.475769;
3044;37.776626;-122.475987;
3045;37.776662;-122.477912;
3046;37.776528;-122.47813;
3047;37.776563;-122.480056;
3048;37.776429;-122.480273;
3049;37.77647;-122.48219;
3050;37.77633;-122.482417;
3051;37.776356;-122.484606;
3052;37.77624;-122.484296;
3053;37.776222;-122.487551;
3054;37.776088;-122.487769;
3055;37.776114;-122.489958;
3056;37.775989;-122.489912;
3057;37.776024;-122.491838;
3058;37.77589;-122.492056;
3059;37.775791;-122.494199;
3060;37.775898;-122.494577;
3061;37.775781;-122.497202;
3062;37.775647;-122.497419;
3063;37.775637;-122.500399;
3064;37.775503;-122.500617;
3065;37.775484;-122.50362;
3066;37.77535;-122.503838;
3067;37.77747;-122.45886;
3070;37.776895;-122.472227;
3071;37.776788;-122.472411;
3072;37.801541;-122.444798;
3074;37.803415;-122.445176;
3075;37.800622;-122.444603;
3076;37.804343;-122.44536;
3077;37.802478;-122.444982;
3082;37.797831;-122.406345;
3084;37.798134;-122.40396;
3085;37.794131;-122.436442;
3086;37.794056;-122.436278;
3087;37.797591;-122.408294;
3089;37.79175;-122.3967;
3090;37.803629;-122.443674;
3092;37.807407;-122.414125;
3093;37.806375;-122.423195;
3094;37.80378;-122.44258;
3095;37.807841;-122.41081;
3096;37.736655;-122.431181;
3103;37.76079;-122.38846;
3104;37.76059;-122.3887;
3107;37.75569;-122.3879;
3108;37.75506;-122.3881;
3113;37.73228;-122.391559;
3114;37.779285;-122.393185;
3115;37.72567;-122.3943;
3116;37.7253;-122.3942;
3122;37.742682;-122.387908;
3123;37.74244;-122.38815;
3124;37.783998;-122.399097;
3127;37.74012;-122.3887;
3128;37.784945;-122.400254;
3129;37.73932;-122.38926;
3134;37.737213;-122.389803;
3135;37.737927;-122.389619;
3136;37.786373;-122.40211;
3137;37.787632;-122.403439;
3141;37.734091;-122.390928;
3143;37.734787;-122.390721;
3144;37.782704;-122.39747;
3145;37.73225;-122.39146;
3146;37.72078;-122.39649;
3149;37.729238;-122.392593;
3150;37.729166;-122.392776;
3153;37.772966;-122.389694;
3156;37.778305;-122.396602;
3161;37.785527;-122.405675;
3163;37.777109;-122.395135;
3164;37.776894;-122.394895;
3165;37.77701;-122.394746;
3166;37.77654;-122.39857;
3168;37.78031;-122.40357;
3169;37.77931;-122.40205;
3170;37.78145;-122.40475;
3171;37.78123;-122.40474;
3172;37.78296;-122.40665;
3173;37.78277;-122.40665;
3174;37.77549;-122.39716;
3177;37.777146;-122.463918;
3178;37.776985;-122.46409;
3181;37.783026;-122.464526;
3182;37.784673;-122.46448;
3183;37.77397;-122.46371;
3184;37.780876;-122.464182;
3185;37.780768;-122.464354;
3187;37.77732;-122.40424;
3188;37.756597;-122.463741;
3189;37.756767;-122.46357;
3191;37.773266;-122.403367;
3192;37.776703;-122.407675;
3193;37.77573;-122.40646;
3194;37.777935;-122.409222;
3195;37.779175;-122.410768;
3196;37.780309;-122.412395;
3197;37.772034;-122.401821;
3200;37.775022;-122.466095;
3201;37.773639;-122.465808;
3202;37.773478;-122.46598;
3203;37.771554;-122.405901;
3204;37.772536;-122.407127;
3205;37.774767;-122.409922;
3206;37.773536;-122.408376;
3208;37.77724;-122.413027;
3209;37.778498;-122.414597;
3210;37.770161;-122.404126;
3211;37.764288;-122.466241;
3212;37.763913;-122.466241;
3213;37.763797;-122.46639;
3214;37.762093;-122.46608;
3215;37.76204;-122.466241;
3216;37.760407;-122.466149;
3217;37.760237;-122.465954;
3218;37.758533;-122.466022;
3219;37.758364;-122.465827;
3220;37.76585;-122.466345;
3221;37.765689;-122.466517;
3222;37.756677;-122.465884;
3223;37.756508;-122.465689;
3224;37.754804;-122.465758;
3225;37.754634;-122.465551;
3226;37.752939;-122.465631;
3229;37.825196;-122.370063;
3230;37.752724;-122.466502;
3231;37.75086;-122.466376;
3232;37.750699;-122.466547;
3233;37.749325;-122.466261;
3234;37.749164;-122.466432;
3235;37.769807;-122.4113;
3236;37.77212;-122.41422;
3237;37.77159;-122.41381;
3238;37.77085;-122.41263;
3239;37.77036;-122.41227;
3240;37.77333;-122.41573;
3241;37.77283;-122.41538;
3242;37.77457;-122.41732;
3243;37.774038;-122.416891;
3244;37.7755;-122.41852;
3245;37.775368;-122.418575;
3247;37.74887;-122.47074;
3248;37.74503;-122.4703;
3249;37.7434;-122.4703;
3250;37.74317;-122.47017;
3251;37.7416;-122.47004;
3252;37.74153;-122.47018;
3253;37.767296;-122.437213;
3254;37.767768;-122.429088;
3255;37.76767;-122.42913;
3256;37.76738;-122.43584;
3257;37.76728;-122.43578;
3258;37.76751;-122.43327;
3259;37.7674;-122.43356;
3260;37.76767;-122.431105;
3261;37.767536;-122.431277;
3262;37.75411;-122.47217;
3263;37.75268;-122.47206;
3264;37.75081;-122.47196;
3265;37.74891;-122.47183;
3266;37.743124;-122.471297;
3267;37.743069;-122.471405;
3268;37.741525;-122.471192;
3269;37.741484;-122.4713;
3270;37.736387;-122.470381;
3272;37.75811;-122.47367;
3273;37.7593;-122.4737;
3275;37.75697;-122.47351;
3276;37.7563;-122.47361;
3277;37.75636;-122.47368;
3278;37.75425;-122.47321;
3279;37.7524;-122.47309;
3280;37.75054;-122.47295;
3281;37.76572;-122.409812;
3282;37.765568;-122.410328;
3283;37.764579;-122.428523;
3284;37.764731;-122.426156;
3285;37.764575;-122.426579;
3286;37.764853;-122.423959;
3287;37.76472;-122.424256;
3288;37.765523;-122.412976;
3289;37.765377;-122.41329;
3290;37.765938;-122.403802;
3291;37.765143;-122.4196;
3292;37.76502;-122.41928;
3293;37.764983;-122.419835;
3295;37.765862;-122.407669;
3296;37.765701;-122.407646;
3297;37.765861;-122.405515;
3299;37.765218;-122.416048;
3300;37.764987;-122.421746;
3301;37.764849;-122.422056;
3302;37.766039;-122.40469;
3304;37.74698;-122.47391;
3305;37.746745;-122.473707;
3306;37.74511;-122.47374;
3307;37.76176;-122.44768;
3308;37.76281;-122.4285;
3309;37.761854;-122.446702;
3310;37.76168;-122.44898;
3311;37.76252;-122.434866;
3312;37.764904;-122.401451;
3313;37.764771;-122.401711;
3314;37.762415;-122.437489;
3317;37.764817;-122.403476;
3318;37.762645;-122.432991;
3319;37.764991;-122.399982;
3320;37.764929;-122.399284;
3321;37.762992;-122.388925;
3322;37.76137;-122.428195;
3323;37.761245;-122.428138;
3324;37.76258;-122.397352;
3325;37.760952;-122.435151;
3326;37.760845;-122.434842;
3327;37.760355;-122.44354;
3328;37.76024;-122.44349;
3329;37.760702;-122.437294;
3330;37.761486;-122.426236;
3331;37.761388;-122.425927;
3332;37.760765;-122.438154;
3333;37.761619;-122.423955;
3334;37.761521;-122.423646;
3335;37.760586;-122.441087;
3336;37.760488;-122.440778;
3337;37.762874;-122.390848;
3338;37.761895;-122.419509;
3339;37.759792;-122.444445;
3340;37.761094;-122.432688;
3341;37.76096;-122.432905;
3342;37.762828;-122.393471;
3343;37.762732;-122.39322;
3344;37.761228;-122.430464;
3345;37.761094;-122.430682;
3346;37.762701;-122.395422;
3347;37.762621;-122.39516;
3348;37.761762;-122.421732;
3349;37.761663;-122.421423;
3352;37.725785;-122.475051;
3354;37.731175;-122.474962;
3355;37.73097;-122.47472;
3356;37.72111;-122.475302;
3357;37.72094;-122.475004;
3358;37.721074;-122.475233;
3359;37.76368;-122.47731;
3360;37.76343;-122.47704;
3361;37.716889;-122.472275;
3362;37.71805;-122.47318;
3363;37.717323;-122.47297;
3364;37.76158;-122.47687;
3365;37.7614;-122.47711;
3366;37.76015;-122.47671;
3367;37.75995;-122.47695;
3368;37.75786;-122.47654;
3369;37.757889;-122.476782;
3370;37.765214;-122.477197;
3371;37.765375;-122.477404;
3372;37.75622;-122.47669;
3373;37.75599;-122.47642;
3374;37.75412;-122.47629;
3375;37.75392;-122.47653;
3376;37.7162;-122.47167;
3377;37.73279;-122.4751;
3378;37.73212;-122.4748;
3379;37.75272;-122.47619;
3380;37.75206;-122.4764;
3381;37.7504;-122.47603;
3382;37.7502;-122.47627;
3383;37.74853;-122.4759;
3384;37.7483;-122.47614;
3385;37.714282;-122.469618;
3387;37.714443;-122.469998;
3388;37.74667;-122.47577;
3389;37.74647;-122.47601;
3390;37.734556;-122.475203;
3391;37.734717;-122.474974;
3392;37.74524;-122.47567;
3393;37.74507;-122.4759;
3394;37.74331;-122.47554;
3395;37.74318;-122.47578;
3396;37.74149;-122.47543;
3397;37.74129;-122.47568;
3398;37.7392;-122.47528;
3399;37.73901;-122.47553;
3400;37.73757;-122.47542;
3401;37.73734;-122.47515;
3402;37.72719;-122.47468;
3403;37.727017;-122.474937;
3404;37.73042;-122.47588;
3405;37.73027;-122.47603;
3406;37.72887;-122.47568;
3408;37.726874;-122.475945;
3409;37.72634;-122.47613;
3410;37.76059;-122.388673;
3411;37.760411;-122.388455;
3412;37.75996;-122.39808;
3413;37.75987;-122.39836;
3414;37.757677;-122.435966;
3415;37.757561;-122.437845;
3424;37.75536;-122.43901;
3425;37.763679;-122.480268;
3426;37.761457;-122.480106;
3427;37.759592;-122.47998;
3428;37.757754;-122.479853;
3429;37.765186;-122.480372;
3430;37.755898;-122.479714;
3431;37.754337;-122.479611;
3432;37.75801;-122.38809;
3435;37.757771;-122.3918;
3436;37.75787;-122.39008;
3437;37.75779;-122.39;
3439;37.757585;-122.393052;
3441;37.763134;-122.481482;
3442;37.761608;-122.481378;
3443;37.759735;-122.48124;
3444;37.75787;-122.481113;
3445;37.765026;-122.481609;
3446;37.756014;-122.480986;
3447;37.75414;-122.48086;
3448;37.752698;-122.436539;
3449;37.75277;-122.437387;
3450;37.754448;-122.402668;
3452;37.75451;-122.401694;
3453;37.75442;-122.40494;
3454;37.754298;-122.405304;
3455;37.75448;-122.40391;
3456;37.754395;-122.403631;
3457;37.75481;-122.39856;
3458;37.752853;-122.409281;
3459;37.752755;-122.408971;
3460;37.751778;-122.427327;
3461;37.751644;-122.427545;
3462;37.75136;-122.434248;
3463;37.751262;-122.433939;
3464;37.751226;-122.436184;
3465;37.751092;-122.436402;
3466;37.751903;-122.425311;
3467;37.751787;-122.425265;
3468;37.751102;-122.438361;
3469;37.75256;-122.414242;
3470;37.752462;-122.413933;
3471;37.752045;-122.422767;
3472;37.751911;-122.422985;
3473;37.752694;-122.412054;
3474;37.752587;-122.411744;
3475;37.750977;-122.440504;
3476;37.752321;-122.418333;
3477;37.752178;-122.41855;
3478;37.751511;-122.431773;
3480;37.75299;-122.40669;
3481;37.751645;-122.42955;
3482;37.751511;-122.429768;
3483;37.752445;-122.416156;
3484;37.752311;-122.416373;
3485;37.752178;-122.420556;
3486;37.752062;-122.42051;
3489;37.776419;-122.48456;
3490;37.776187;-122.484365;
3491;37.784003;-122.485102;
3492;37.783807;-122.48485;
3495;37.782147;-122.484975;
3496;37.781951;-122.484712;
3497;37.787536;-122.485139;
3498;37.787367;-122.485356;
3499;37.772689;-122.484295;
3500;37.780255;-122.484837;
3501;37.779925;-122.484619;
3502;37.785868;-122.485241;
3503;37.785689;-122.485034;
3504;37.75236;-122.39634;
3505;37.752242;-122.39662;
3507;37.7525;-122.394832;
3510;37.74978;-122.431762;
3511;37.751407;-122.40668;
3512;37.75224;-122.39831;
3513;37.752162;-122.398293;
3514;37.74815;-122.43363;
3516;37.75086;-122.40015;
3517;37.750753;-122.400024;
3519;37.749001;-122.417818;
3520;37.74827;-122.43177;
3521;37.748174;-122.431636;
3522;37.750718;-122.401124;
3523;37.749108;-122.416065;
3524;37.75111;-122.39866;
3525;37.73896;-122.48611;
3526;37.74799;-122.4878;
3527;37.74808;-122.487926;
3528;37.74636;-122.4878;
3529;37.74616;-122.48767;
3530;37.74451;-122.48765;
3531;37.74427;-122.48756;
3532;37.742646;-122.487545;
3533;37.74241;-122.48743;
3534;37.74077;-122.48739;
3535;37.742159;-122.426369;
3536;37.74204;-122.42676;
3537;37.742304;-122.424026;
3538;37.74217;-122.424457;
3540;37.742435;-122.42206;
3541;37.74231;-122.42217;
3542;37.74188;-122.43079;
3543;37.74202;-122.4286;
3544;37.74191;-122.42902;
3545;37.77668;-122.49195;
3546;37.783419;-122.492442;
3547;37.783429;-122.492553;
3548;37.781995;-122.492335;
3549;37.781802;-122.492425;
3550;37.779939;-122.492296;
3551;37.777861;-122.493249;
3552;37.777692;-122.493077;
3553;37.776032;-122.492973;
3554;37.775997;-122.493133;
3555;37.781537;-122.493354;
3556;37.781502;-122.493515;
3557;37.779815;-122.493227;
3558;37.779815;-122.493388;
3559;37.779548;-122.493215;
3560;37.779566;-122.493376;
3561;37.764557;-122.495372;
3562;37.76436;-122.496621;
3563;37.747621;-122.497424;
3564;37.745962;-122.497308;
3565;37.74596;-122.49747;
3566;37.781087;-122.502994;
3567;37.781007;-122.504232;
3568;37.779784;-122.504139;
3570;37.775242;-122.505798;
3571;37.775206;-122.505958;
3572;37.773573;-122.50567;
3573;37.773538;-122.505831;
3574;37.762375;-122.506143;
3575;37.762206;-122.505971;
3576;37.760519;-122.506015;
3577;37.76035;-122.505843;
3578;37.758655;-122.505888;
3579;37.758485;-122.505716;
3580;37.756781;-122.505749;
3581;37.756612;-122.505577;
3582;37.764035;-122.50611;
3583;37.764053;-122.50627;
3584;37.754925;-122.505621;
3585;37.754756;-122.505449;
3586;37.752829;-122.505322;
3587;37.752837;-122.505482;
3588;37.751187;-122.505366;
3589;37.751017;-122.505194;
3590;37.749331;-122.505239;
3591;37.749161;-122.505067;
3592;37.747457;-122.5051;
3593;37.747288;-122.504928;
3594;37.745592;-122.504973;
3595;37.745423;-122.504801;
3596;37.743737;-122.504834;
3597;37.743567;-122.504662;
3598;37.741854;-122.504706;
3599;37.741685;-122.504534;
3600;37.739998;-122.504579;
3601;37.739829;-122.504407;
3602;37.738142;-122.50444;
3603;37.737973;-122.504268;
3604;37.736108;-122.504141;
3605;37.752783;-122.506364;
3606;37.736018;-122.505366;
3608;37.779023;-122.509411;
3611;37.784162;-122.408175;
3612;37.784011;-122.40821;
3613;37.737735;-122.431009;
3614;37.738172;-122.432807;
3615;37.740037;-122.435716;
3616;37.740001;-122.433609;
3617;37.740189;-122.434216;
3618;37.740055;-122.434433;
3619;37.70898;-122.39422;
3621;37.71163;-122.4669;
3622;37.711418;-122.46717;
3628;37.710359;-122.469458;
3629;37.73229;-122.42059;
3630;37.71183;-122.46507;
3631;37.71164;-122.46492;
3635;37.77785;-122.49303;
3636;37.719886;-122.483135;
3637;37.717343;-122.483306;
3638;37.716334;-122.483351;
3639;37.71861;-122.483215;
3640;37.72076;-122.483078;
3642;37.777075;-122.458645;
3643;37.785596;-122.459093;
3644;37.78556;-122.459254;
3645;37.783071;-122.45907;
3647;37.78374;-122.458956;
3648;37.774425;-122.458301;
3649;37.781429;-122.458955;
3650;37.781081;-122.45876;
3651;37.777477;-122.458519;
3652;37.75745;-122.39804;
3653;37.75597;-122.39789;
3656;37.764281;-122.445946;
3657;37.764298;-122.446095;
3659;37.762978;-122.446805;
3661;37.767154;-122.446278;
3662;37.769937;-122.446851;
3663;37.765298;-122.446072;
3664;37.765146;-122.445877;
3665;37.769161;-122.446851;
3666;37.76901;-122.446656;
3667;37.72465;-122.4261;
3668;37.72155;-122.42846;
3669;37.72311;-122.42729;
3670;37.82695;-122.377402;
3673;37.821938;-122.367796;
3674;37.823625;-122.36893;
3675;37.819939;-122.366422;
3680;37.72474;-122.42422;
3681;37.72474;-122.42437;
3682;37.72508;-122.42342;
3685;37.72744;-122.40451;
3686;37.72732;-122.4047;
3687;37.72691;-122.40648;
3688;37.7268;-122.40667;
3689;37.719728;-122.471739;
3690;37.74183;-122.40978;
3691;37.74151;-122.41067;
3692;37.71202;-122.40068;
3693;37.737725;-122.429531;
3694;37.734871;-122.44007;
3695;37.733595;-122.434011;
3696;37.733488;-122.43408;
3697;37.735005;-122.440093;
3698;37.733925;-122.435706;
3699;37.733827;-122.43597;
3700;37.733469;-122.42794;
3701;37.733487;-122.429326;
3702;37.733318;-122.42952;
3703;37.733719;-122.426702;
3704;37.733211;-122.431296;
3705;37.788465;-122.482617;
3706;37.792222;-122.481186;
3708;37.74201;-122.4094;
3709;37.74286;-122.4094;
3710;37.74306;-122.40932;
3712;37.749121;-122.444938;
3713;37.748077;-122.445087;
3715;37.713191;-122.458921;
3716;37.713152;-122.459159;
3717;37.713178;-122.462331;
3718;37.713222;-122.455927;
3719;37.713161;-122.45618;
3720;37.7319;-122.39925;
3721;37.73184;-122.3994;
3722;37.7332;-122.39769;
3723;37.779474;-122.398068;
3724;37.77795;-122.39995;
3725;37.776157;-122.402231;
3726;37.77438;-122.40449;
3727;37.77233;-122.40708;
3728;37.77146;-122.40817;
3730;37.76549;-122.4104;
3731;37.7653;-122.41054;
3732;37.76422;-122.41028;
3733;37.76402;-122.41041;
3734;37.76187;-122.4102;
3735;37.76167;-122.41004;
3736;37.76058;-122.41008;
3737;37.76038;-122.40991;
3738;37.75933;-122.40993;
3739;37.75911;-122.40966;
3740;37.75751;-122.4095;
3741;37.7574;-122.40961;
3742;37.75621;-122.40942;
3743;37.75572;-122.40949;
3744;37.75431;-122.40919;
3745;37.75415;-122.40932;
3746;37.75306;-122.40907;
3747;37.75252;-122.40919;
3748;37.7513;-122.40907;
3749;37.75111;-122.40889;
3750;37.74969;-122.40891;
3751;37.74951;-122.40873;
3752;37.76845;-122.41068;
3753;37.7681;-122.41081;
3754;37.76967;-122.41045;
3755;37.76911;-122.41091;
3756;37.76314;-122.41032;
3757;37.76294;-122.41016;
3758;37.72162;-122.42829;
3759;37.72166;-122.42857;
3760;37.72314;-122.43151;
3761;37.724717;-122.434654;
3762;37.72122;-122.42748;
3763;37.72128;-122.42776;
3764;37.7209;-122.42699;
3765;37.72238;-122.4299;
3766;37.723958;-122.433085;
3767;37.72052;-122.42616;
3768;37.74472;-122.40443;
3769;37.74133;-122.40669;
3771;37.737729;-122.406997;
3772;37.712235;-122.402614;
3773;37.73425;-122.40558;
3774;37.712244;-122.402133;
3775;37.73488;-122.40588;
3776;37.71481;-122.39936;
3778;37.73986;-122.40677;
3779;37.73967;-122.40712;
3780;37.71497;-122.39898;
3782;37.747123;-122.403509;
3783;37.711138;-122.403783;
3784;37.738701;-122.406894;
3785;37.74332;-122.40523;
3786;37.74288;-122.40519;
3788;37.733213;-122.40472;
3789;37.732963;-122.404789;
3793;37.71062;-122.40389;
3794;37.80343;-122.43334;
3795;37.80487;-122.43363;
3797;37.72598;-122.47686;
3798;37.72597;-122.47714;
3799;37.72595;-122.47881;
3800;37.72587;-122.47879;
3801;37.72691;-122.48004;
3802;37.72717;-122.48005;
3803;37.72803;-122.47913;
3804;37.83142;-122.52323;
3805;37.83328;-122.52061;
3806;37.83322;-122.52031;
3807;37.83302;-122.50882;
3808;37.83296;-122.50872;
3809;37.8318;-122.51495;
3810;37.83175;-122.51538;
3812;37.78915;-122.41658;
3813;37.78944;-122.41387;
3814;37.7893;-122.41496;
3815;37.79096;-122.40208;
3818;37.76773;-122.44021;
3819;37.76883;-122.43833;
3820;37.76685;-122.43815;
3822;37.785353;-122.462292;
3823;37.785178;-122.46257;
3824;37.785017;-122.464939;
3825;37.784902;-122.464709;
3826;37.784819;-122.465432;
3827;37.78463;-122.466825;
3828;37.784665;-122.469159;
3830;37.784551;-122.468963;
3831;37.784586;-122.470848;
3832;37.784454;-122.471103;
3833;37.784386;-122.475229;
3834;37.784253;-122.475501;
3835;37.784241;-122.478446;
3836;37.784109;-122.47871;
3837;37.784097;-122.481659;
3838;37.783941;-122.481893;
3839;37.78395;-122.48482;
3840;37.783808;-122.485286;
3841;37.783798;-122.488074;
3842;37.783658;-122.488456;
3843;37.783671;-122.490513;
3844;37.783578;-122.490087;
3845;37.785703;-122.459288;
3846;37.785659;-122.459036;
3847;37.787738;-122.443634;
3848;37.78762;-122.443384;
3849;37.793296;-122.399813;
3851;37.793144;-122.39987;
3852;37.786042;-122.456835;
3853;37.785974;-122.456329;
3855;37.793589;-122.397462;
3857;37.79342;-122.397749;
3858;37.788087;-122.44087;
3859;37.787954;-122.440721;
3860;37.79371;-122.39614;
3861;37.788931;-122.434151;
3862;37.78879;-122.43392;
3863;37.793438;-122.398643;
3864;37.79327;-122.39892;
3865;37.792504;-122.405958;
3866;37.792379;-122.405935;
3867;37.791018;-122.41756;
3868;37.790902;-122.417537;
3869;37.791472;-122.414121;
3870;37.791347;-122.414098;
3871;37.792718;-122.404273;
3872;37.792593;-122.40425;
3873;37.790866;-122.41889;
3874;37.7907;-122.41916;
3875;37.786923;-122.449957;
3876;37.786712;-122.45026;
3877;37.791285;-122.415611;
3878;37.791133;-122.415749;
3879;37.786248;-122.455207;
3880;37.791872;-122.41098;
3881;37.791747;-122.410957;
3882;37.792762;-122.402908;
3883;37.792931;-122.402622;
3884;37.788518;-122.437484;
3885;37.788455;-122.436808;
3886;37.784515;-122.47325;
3887;37.784365;-122.472764;
3888;37.790661;-122.420541;
3889;37.790492;-122.420828;
3890;37.792068;-122.40942;
3891;37.791952;-122.40934;
3892;37.787328;-122.446908;
3893;37.787149;-122.446885;
3894;37.793145;-122.400982;
3895;37.792975;-122.401269;
3896;37.786503;-122.453281;
3897;37.786334;-122.453517;
3899;37.792308;-122.407552;
3900;37.792184;-122.407529;
3901;37.791712;-122.412321;
3902;37.791543;-122.412608;
3904;37.818326;-122.370139;
3905;37.818504;-122.369531;
3909;37.765863;-122.449804;
3911;37.765745;-122.450131;
3912;37.765003;-122.456561;
3913;37.764932;-122.456512;
3914;37.765495;-122.45259;
3915;37.765371;-122.452928;
3920;37.73573;-122.38354;
3921;37.73585;-122.38695;
3922;37.7366;-122.38588;
3923;37.775451;-122.463975;
3924;37.773421;-122.507767;
3925;37.773287;-122.507985;
3927;37.773321;-122.509934;
3928;37.74842;-122.41043;
3929;37.74845;-122.40909;
3930;37.74823;-122.40976;
3931;37.74834;-122.41398;
3932;37.74815;-122.41382;
3933;37.7484;-122.4119;
3934;37.7482;-122.41163;
3935;37.748234;-122.418369;
3936;37.748305;-122.415756;
3937;37.799837;-122.44442;
3938;37.801308;-122.432863;
3939;37.801157;-122.433057;
3940;37.800051;-122.442746;
3941;37.800907;-122.436176;
3942;37.800738;-122.436371;
3943;37.80211;-122.426568;
3944;37.80203;-122.426212;
3945;37.801905;-122.428184;
3946;37.801825;-122.427852;
3947;37.801486;-122.431475;
3948;37.80137;-122.431406;
3949;37.80072;-122.43746;
3950;37.801691;-122.429836;
3951;37.801611;-122.429503;
3952;37.800443;-122.439673;
3953;37.800363;-122.439341;
3954;37.800265;-122.441083;
3955;37.800113;-122.441278;
3956;37.802333;-122.424871;
3957;37.802199;-122.424894;
3958;37.801103;-122.434502;
3959;37.800951;-122.434697;
3960;37.70887;-122.434222;
3961;37.708968;-122.434336;
3962;37.709834;-122.432435;
3963;37.709628;-122.432504;
3964;37.710565;-122.431381;
3965;37.74202;-122.42575;
3966;37.74191;-122.42582;
3967;37.7346;-122.43233;
3968;37.7389;-122.42579;
3969;37.73646;-122.42894;
3970;37.73633;-122.429;
3971;37.73714;-122.42775;
3972;37.73711;-122.42792;
3973;37.73458;-122.43191;
3974;37.739929;-122.425692;
3975;37.739625;-122.425498;
3976;37.73563;-122.4302;
3977;37.73548;-122.43028;
3984;37.764621;-122.428722;
3985;37.764382;-122.428609;
3986;37.76281;-122.4285;
3987;37.761467;-122.428416;
3994;37.754785;-122.427659;
3995;37.7518;-122.427497;
3996;37.751591;-122.42735;
3997;37.746985;-122.427073;
3998;37.746781;-122.426893;
3999;37.743587;-122.426585;
4000;37.742222;-122.426459;
4001;37.742097;-122.426528;
4002;37.749388;-122.427289;
4003;37.749182;-122.427122;
4004;37.742811;-122.426654;
4005;37.769499;-122.429167;
4006;37.769302;-122.429087;
4008;37.767821;-122.429065;
4009;37.767777;-122.428881;
4015;37.795415;-122.396996;
4016;37.791907;-122.424463;
4017;37.795098;-122.39902;
4018;37.794263;-122.405971;
4019;37.792756;-122.417899;
4020;37.793173;-122.414616;
4021;37.794477;-122.404411;
4022;37.792526;-122.419589;
4023;37.792959;-122.416304;
4024;37.793653;-122.410823;
4025;37.794682;-122.40277;
4026;37.792385;-122.420714;
4027;37.79379;-122.409774;
4028;37.79482;-122.401118;
4029;37.794082;-122.407561;
4030;37.793363;-122.412744;
4031;37.792106;-122.422913;
4032;37.75171;-122.45839;
4033;37.753074;-122.455858;
4035;37.751628;-122.456178;
4037;37.75368;-122.455514;
4039;37.78309;-122.45982;
4040;37.78309;-122.46257;
4041;37.78299;-122.46195;
4042;37.783;-122.46479;
4043;37.782856;-122.464331;
4044;37.782798;-122.466158;
4045;37.7828;-122.469;
4046;37.7827;-122.46837;
4047;37.7827;-122.47116;
4048;37.78258;-122.47097;
4069;37.781644;-122.494397;
4070;37.760863;-122.446485;
4071;37.74689;-122.44396;
4072;37.7467;-122.445;
4073;37.766288;-122.447779;
4074;37.766154;-122.44794;
4075;37.758793;-122.445935;
4076;37.758668;-122.445866;
4077;37.760944;-122.446336;
4078;37.76694;-122.447917;
4079;37.758383;-122.444479;
4080;37.758222;-122.444319;
4081;37.765405;-122.447608;
4082;37.765226;-122.447757;
4083;37.717443;-122.47427;
4084;37.717264;-122.47443;
4086;37.716015;-122.474441;
4087;37.80266;-122.40579;
4088;37.761711;-122.449212;
4089;37.763263;-122.449533;
4090;37.76313;-122.44938;
4091;37.76594;-122.449911;
4092;37.76556;-122.44996;
4093;37.760926;-122.449052;
4094;37.76683;-122.4502;
4095;37.769456;-122.45061;
4096;37.769447;-122.450771;
4097;37.76477;-122.44971;
4098;37.76462;-122.44978;
4099;37.768528;-122.450427;
4100;37.80551;-122.41784;
4101;37.798123;-122.406897;
4102;37.797626;-122.406465;
4103;37.803794;-122.415136;
4104;37.80341;-122.414586;
4105;37.801188;-122.411605;
4106;37.804517;-122.416167;
4107;37.804205;-122.415973;
4108;37.799386;-122.408723;
4110;37.79607;-122.4043;
4111;37.797319;-122.405742;
4113;37.802687;-122.413531;
4114;37.802598;-122.413646;
4115;37.802089;-122.41266;
4116;37.80549;-122.417589;
4117;37.79911;-122.408602;
4118;37.803285;-122.414643;
4119;37.8005;-122.410356;
4120;37.800384;-122.410436;
4121;37.79591;-122.403682;
4122;37.753902;-122.397341;
4123;37.76498;-122.397661;
4124;37.764749;-122.397785;
4125;37.762614;-122.397569;
4126;37.76243;-122.39741;
4127;37.76115;-122.39733;
4128;37.752563;-122.396402;
4129;37.75143;-122.396345;
4130;37.751269;-122.396517;
4131;37.750002;-122.39622;
4132;37.749868;-122.396381;
4133;37.82952;-122.48402;
4134;37.82944;-122.48354;
4135;37.83309;-122.48355;
4137;37.710182;-122.434874;
4138;37.709638;-122.434828;
4139;37.709504;-122.434588;
4142;37.73909;-122.41639;
4143;37.73904;-122.41658;
4145;37.7393;-122.41846;
4146;37.73931;-122.41872;
4147;37.739791;-122.409746;
4148;37.73954;-122.4072;
4149;37.73992;-122.41997;
4150;37.7397;-122.41969;
4151;37.73892;-122.41455;
4152;37.738829;-122.414615;
4153;37.739;-122.41366;
4154;37.73892;-122.41343;
4155;37.739692;-122.40781;
4156;37.74101;-122.42267;
4157;37.74085;-122.42251;
4158;37.73978;-122.41199;
4159;37.73957;-122.41211;
4160;37.740294;-122.420904;
4161;37.7402;-122.42093;
4162;37.7618;-122.442841;
4163;37.761648;-122.442944;
4164;37.759926;-122.445327;
4165;37.759908;-122.445075;
4166;37.757499;-122.444147;
4167;37.754118;-122.443013;
4168;37.75399;-122.443;
4169;37.752083;-122.443414;
4170;37.751682;-122.443712;
4171;37.75894;-122.44614;
4172;37.758659;-122.4459;
4173;37.75085;-122.44396;
4174;37.761202;-122.444044;
4175;37.761327;-122.444078;
4176;37.76208;-122.43962;
4177;37.75641;-122.44328;
4178;37.756446;-122.443425;
4179;37.761711;-122.441122;
4180;37.76161;-122.44112;
4181;37.752869;-122.443815;
4182;37.757794;-122.444754;
4183;37.760542;-122.44425;
4184;37.76048;-122.444479;
4185;37.761898;-122.440216;
4186;37.755483;-122.442795;
4187;37.755349;-122.44283;
4188;37.735074;-122.421822;
4189;37.734966;-122.416725;
4190;37.734832;-122.416942;
4191;37.734966;-122.419726;
4192;37.735253;-122.424056;
4195;37.734804;-122.413586;
4196;37.73467;-122.413804;
4197;37.735244;-122.422567;
4198;37.735423;-122.424457;
4199;37.735136;-122.420127;
4200;37.734895;-122.418214;
4201;37.735009;-122.411169;
4202;37.734911;-122.411283;
4203;37.735055;-122.418626;
4204;37.76092;-122.447631;
4205;37.760935;-122.446634;
4207;37.7201;-122.47594;
4209;37.750388;-122.446577;
4210;37.751762;-122.446198;
4211;37.77223;-122.49318;
4212;37.7721;-122.49288;
4213;37.77208;-122.49634;
4214;37.77197;-122.49557;
4215;37.77192;-122.49679;
4216;37.77198;-122.49798;
4217;37.77189;-122.50009;
4218;37.77179;-122.49991;
4219;37.77177;-122.50306;
4220;37.77159;-122.50363;
4221;37.77159;-122.50704;
4222;37.77148;-122.50631;
4223;37.774372;-122.458507;
4224;37.774282;-122.458003;
4225;37.77541;-122.45007;
4226;37.77537;-122.44929;
4227;37.771421;-122.510792;
4228;37.77134;-122.50939;
4229;37.7759;-122.44627;
4230;37.775675;-122.446828;
4231;37.77319;-122.47218;
4232;37.77305;-122.47199;
4233;37.775;-122.45324;
4234;37.77499;-122.45238;
4235;37.774756;-122.454519;
4236;37.7748;-122.45484;
4238;37.744356;-122.453233;
4239;37.78166;-122.41509;
4240;37.78207;-122.41193;
4241;37.781826;-122.413999;
4242;37.78123;-122.41833;
4243;37.78095;-122.42066;
4245;37.719719;-122.471533;
4246;37.719988;-122.463459;
4247;37.719791;-122.463642;
4248;37.719737;-122.469735;
4253;37.719746;-122.467937;
4254;37.719613;-122.465452;
4255;37.781277;-122.460938;
4256;37.781045;-122.461156;
4257;37.781134;-122.464159;
4258;37.780902;-122.464377;
4259;37.780982;-122.467644;
4260;37.780777;-122.467323;
4261;37.780839;-122.470601;
4262;37.780607;-122.470819;
4263;37.780597;-122.476045;
4264;37.780365;-122.476263;
4265;37.780453;-122.479266;
4266;37.780221;-122.479484;
4267;37.780346;-122.481398;
4268;37.780078;-122.482693;
4269;37.78022;-122.48461;
4270;37.779979;-122.484825;
4271;37.780005;-122.487806;
4272;37.779862;-122.488046;
4273;37.779959;-122.489972;
4274;37.779727;-122.49019;
4275;37.779646;-122.492069;
4277;37.779744;-122.493227;
4278;37.779798;-122.493445;
4279;37.779574;-122.493399;
4280;37.779671;-122.496402;
4281;37.779439;-122.49662;
4282;37.779473;-122.500677;
4283;37.779286;-122.499829;
4285;37.779151;-122.502775;
4286;37.779043;-122.506259;
4287;37.781376;-122.458737;
4288;37.781153;-122.458692;
4289;37.782973;-122.442965;
4290;37.782242;-122.449992;
4291;37.782028;-122.449911;
4292;37.781528;-122.455677;
4293;37.783428;-122.439366;
4294;37.783178;-122.439572;
4295;37.784391;-122.43305;
4296;37.784257;-122.433313;
4297;37.78557;-122.42289;
4298;37.785434;-122.425082;
4299;37.786351;-122.416611;
4300;37.786769;-122.413332;
4301;37.787997;-122.403656;
4302;37.786137;-122.41825;
4303;37.786556;-122.414971;
4304;37.785033;-122.427811;
4305;37.784854;-122.428155;
4307;37.76761;-122.43558;
4308;37.76742;-122.43571;
4309;37.76583;-122.43557;
4310;37.76561;-122.43538;
4311;37.764164;-122.435254;
4312;37.76427;-122.43544;
4313;37.76237;-122.43508;
4314;37.760836;-122.434934;
4315;37.760747;-122.435071;
4316;37.75939;-122.43491;
4317;37.75916;-122.43479;
4318;37.75778;-122.43477;
4319;37.757632;-122.434636;
4320;37.755955;-122.434465;
4321;37.756098;-122.434625;
4322;37.75464;-122.43448;
4323;37.75441;-122.43431;
4324;37.752779;-122.434156;
4325;37.752895;-122.434316;
4326;37.7512;-122.43401;
4327;37.751253;-122.434179;
4328;37.74981;-122.43404;
4329;37.7496;-122.43383;
4330;37.76918;-122.43596;
4331;37.76895;-122.43571;
4332;37.751886;-122.434053;
4333;37.752083;-122.434248;
4334;37.76214;-122.43519;
4335;37.748898;-122.451377;
4336;37.710209;-122.437955;
4337;37.74606;-122.38695;
4338;37.74577;-122.38665;
4341;37.705764;-122.469273;
4342;37.75376;-122.39576;
4343;37.75374;-122.39565;
4345;37.75268;-122.39468;
4346;37.79363;-122.3977;
4347;37.792608;-122.397532;
4350;37.766056;-122.40163;
4351;37.764762;-122.401516;
4352;37.76221;-122.401243;
4353;37.760934;-122.401117;
4354;37.759667;-122.401026;
4355;37.757437;-122.400822;
4356;37.754885;-122.400571;
4357;37.763504;-122.401368;
4358;37.758017;-122.400867;
4359;37.74693;-122.4402;
4360;37.740198;-122.435762;
4361;37.73867;-122.43668;
4362;37.7386;-122.4369;
4363;37.74185;-122.43566;
4364;37.74159;-122.43574;
4366;37.745239;-122.439852;
4367;37.74363;-122.43751;
4368;37.74029;-122.43588;
4369;37.74359;-122.43786;
4370;37.75126;-122.43638;
4371;37.751075;-122.436219;
4372;37.74965;-122.43621;
4373;37.749486;-122.436059;
4374;37.747889;-122.43591;
4375;37.747853;-122.43607;
4376;37.746292;-122.435761;
4377;37.746256;-122.435922;
4378;37.744686;-122.435601;
4379;37.74465;-122.435762;
4380;37.743249;-122.435659;
4381;37.74308;-122.435487;
4382;37.738681;-122.434468;
4383;37.738262;-122.434674;
4384;37.747104;-122.435841;
4385;37.747068;-122.43599;
4386;37.73339;-122.434102;
4387;37.733327;-122.434309;
4388;37.73446;-122.433839;
4389;37.734469;-122.433953;
4390;37.748853;-122.436162;
4391;37.748683;-122.43599;
4392;37.7383;-122.4363;
4393;37.73841;-122.43593;
4394;37.741599;-122.43535;
4395;37.73822;-122.43726;
4397;37.74192;-122.435476;
4398;37.745641;-122.435864;
4399;37.745471;-122.435693;
4400;37.7388;-122.43463;
4401;37.73889;-122.4346;
4402;37.73623;-122.43444;
4403;37.73608;-122.43433;
4404;37.737342;-122.434617;
4405;37.73731;-122.43475;
4406;37.801907;-122.443319;
4407;37.803772;-122.443697;
4408;37.786283;-122.439996;
4409;37.788184;-122.440385;
4410;37.787988;-122.4405;
4411;37.800042;-122.442941;
4412;37.789977;-122.440741;
4413;37.78997;-122.44089;
4414;37.7805;-122.43881;
4415;37.780448;-122.438976;
4418;37.80097;-122.443136;
4421;37.783375;-122.439412;
4422;37.78316;-122.439526;
4423;37.771329;-122.436983;
4424;37.77105;-122.4371;
4425;37.775059;-122.437739;
4426;37.774889;-122.437865;
4427;37.79154;-122.44108;
4428;37.77786;-122.4383;
4429;37.777682;-122.438415;
4430;37.802844;-122.443514;
4431;37.773185;-122.43735;
4432;37.773051;-122.437487;
4433;37.786997;-122.440317;
4434;37.785338;-122.439813;
4435;37.78515;-122.439939;
4436;37.76934;-122.41074;
4437;37.76976;-122.403152;
4438;37.769894;-122.403301;
4439;37.71729;-122.40773;
4440;37.729252;-122.369649;
4443;37.75112;-122.43854;
4444;37.75352;-122.43875;
4445;37.79398;-122.39635;
4447;37.769472;-122.429408;
4448;37.769409;-122.4294;
4451;37.76911;-122.4337;
4453;37.7452;-122.44141;
4454;37.74519;-122.44304;
4455;37.74526;-122.44029;
4456;37.728779;-122.37313;
4472;37.781919;-122.428946;
4473;37.781767;-122.429141;
4474;37.780546;-122.438759;
4475;37.7815;-122.432236;
4476;37.781348;-122.432431;
4477;37.782516;-122.42427;
4478;37.7824;-122.424201;
4479;37.783478;-122.415718;
4480;37.783887;-122.412428;
4481;37.783353;-122.41769;
4482;37.783273;-122.417357;
4483;37.783682;-122.414079;
4484;37.782133;-122.427296;
4485;37.782017;-122.427227;
4486;37.78427;-122.409402;
4487;37.781081;-122.435515;
4488;37.780929;-122.435709;
4489;37.783184;-122.419042;
4490;37.783059;-122.419019;
4491;37.780876;-122.437165;
4492;37.780724;-122.43736;
4493;37.784101;-122.410789;
4494;37.782988;-122.420613;
4495;37.782863;-122.42059;
4496;37.78488;-122.41315;
4497;37.78471;-122.41427;
4499;37.78509;-122.41145;
4501;37.806945;-122.406278;
4502;37.806629;-122.40603;
4503;37.799552;-122.397869;
4504;37.798901;-122.397434;
4506;37.784359;-122.388138;
4508;37.791079;-122.390104;
4509;37.790481;-122.389692;
4510;37.790749;-122.389841;
4511;37.790561;-122.389898;
4513;37.795105;-122.393861;
4515;37.803263;-122.401113;
4516;37.80296;-122.401029;
4517;37.801264;-122.399369;
4518;37.800605;-122.39892;
4519;37.792686;-122.391146;
4520;37.792159;-122.391066;
4529;37.805022;-122.403314;
4530;37.808351;-122.410287;
4531;37.7836;-122.38832;
4532;37.797085;-122.39567;
4534;37.796355;-122.395181;
4535;37.760631;-122.438188;
4536;37.759034;-122.438039;
4537;37.75741;-122.437879;
4538;37.755973;-122.437902;
4539;37.755813;-122.43773;
4540;37.754367;-122.437742;
4541;37.754215;-122.43757;
4542;37.75279;-122.43759;
4543;37.761594;-122.43828;
4544;37.731157;-122.474744;
4545;37.731041;-122.474538;
4546;37.730988;-122.472442;
4547;37.742628;-122.387862;
4548;37.749066;-122.396886;
4549;37.74903;-122.397069;
4550;37.73877;-122.380797;
4551;37.738761;-122.381084;
4552;37.737672;-122.379252;
4553;37.740699;-122.384507;
4555;37.741949;-122.386408;
4556;37.747263;-122.395879;
4557;37.747343;-122.396257;
4558;37.740003;-122.382973;
4559;37.742994;-122.388309;
4560;37.742977;-122.388595;
4561;37.744245;-122.390531;
4562;37.745968;-122.39384;
4564;37.739717;-122.382813;
4565;37.73284;-122.41679;
4566;37.73281;-122.41776;
4567;37.73262;-122.41893;
4568;37.73471;-122.41491;
4571;37.72475;-122.43059;
4572;37.726162;-122.433577;
4573;37.72399;-122.42899;
4574;37.72552;-122.43219;
4575;37.709804;-122.392836;
4576;37.71088;-122.39476;
4579;37.738333;-122.434067;
4580;37.77597;-122.42302;
4581;37.72702;-122.41634;
4582;37.72688;-122.41653;
4583;37.7264;-122.41874;
4584;37.72637;-122.41851;
4587;37.72597;-122.42028;
4588;37.72586;-122.42046;
4589;37.725598;-122.422043;
4590;37.72543;-122.42211;
4593;37.7252;-122.42324;
4596;37.7274;-122.41457;
4599;37.83048;-122.524411;
4600;37.831337;-122.523264;
4601;37.82906;-122.52767;
4602;37.83166;-122.52345;
4603;37.8024;-122.436517;
4604;37.794158;-122.434842;
4605;37.793805;-122.434878;
4606;37.804423;-122.437127;
4607;37.804447;-122.436958;
4608;37.801091;-122.436229;
4609;37.800891;-122.436469;
4610;37.802817;-122.436806;
4611;37.781733;-122.432329;
4612;37.781523;-122.432401;
4613;37.779859;-122.431955;
4614;37.784733;-122.432921;
4615;37.783984;-122.43291;
4616;37.776998;-122.431369;
4617;37.776859;-122.431472;
4618;37.772199;-122.430537;
4620;37.772033;-122.430347;
4621;37.776106;-122.431197;
4622;37.775598;-122.431207;
4623;37.792761;-122.434556;
4624;37.792386;-122.434607;
4625;37.805421;-122.437389;
4626;37.799707;-122.435952;
4627;37.799595;-122.436051;
4628;37.77854;-122.431687;
4629;37.778343;-122.431762;
4630;37.803547;-122.436791;
4631;37.774268;-122.430825;
4632;37.773759;-122.430866;
4633;37.783193;-122.432627;
4634;37.783019;-122.432699;
4635;37.788049;-122.433565;
4636;37.787717;-122.433655;
4637;37.789925;-122.4341;
4638;37.789744;-122.433947;
4640;37.785994;-122.433191;
4641;37.785814;-122.433268;
4642;37.780204;-122.432138;
4643;37.797391;-122.435489;
4645;37.719921;-122.389587;
4646;37.720966;-122.391453;
4647;37.722028;-122.39332;
4648;37.722895;-122.394842;
4649;37.729795;-122.448765;
4650;37.728492;-122.448753;
4651;37.73315;-122.448948;
4652;37.732989;-122.448788;
4654;37.734194;-122.448799;
4657;37.783989;-122.398753;
4658;37.782152;-122.400863;
4659;37.780386;-122.403099;
4660;37.778629;-122.405324;
4661;37.776641;-122.407847;
4662;37.775115;-122.409773;
4663;37.773894;-122.411321;
4664;37.771994;-122.413729;
4665;37.771735;-122.414302;
4666;37.768461;-122.415667;
4667;37.768461;-122.41553;
4668;37.76557;-122.415245;
4669;37.765231;-122.415417;
4671;37.762215;-122.414914;
4672;37.761858;-122.415086;
4673;37.759;-122.41478;
4674;37.758815;-122.414606;
4675;37.755951;-122.414332;
4676;37.75546;-122.414481;
4677;37.752757;-122.414024;
4678;37.752596;-122.414208;
4680;37.750999;-122.414048;
4681;37.750829;-122.413842;
4683;37.749063;-122.413854;
4684;37.74848;-122.41379;
4685;37.74811;-122.41359;
4686;37.74687;-122.41362;
4687;37.73888;-122.4133;
4688;37.7388;-122.41337;
4689;37.73494;-122.41365;
4690;37.73483;-122.41372;
4695;37.73605;-122.41352;
4696;37.73579;-122.41364;
4697;37.7471;-122.41349;
4698;37.74532;-122.41336;
4699;37.74521;-122.41345;
4700;37.73718;-122.41344;
4701;37.73716;-122.41352;
4702;37.72176;-122.482151;
4704;37.715213;-122.473169;
4705;37.715899;-122.474292;
4706;37.715899;-122.474578;
4707;37.716782;-122.475758;
4709;37.717701;-122.477076;
4710;37.719601;-122.479607;
4712;37.72068;-122.480902;
4714;37.766047;-122.457635;
4715;37.767261;-122.446691;
4716;37.767145;-122.446462;
4717;37.7671;-122.447917;
4718;37.766413;-122.453257;
4719;37.766208;-122.454908;
4720;37.766092;-122.454701;
4725;37.791645;-122.398151;
4726;37.794105;-122.393874;
4727;37.7939;-122.39345;
4728;37.83238;-122.53867;
4729;37.805118;-122.432185;
4730;37.77394;-122.46198;
4731;37.77384;-122.46125;
4732;37.77367;-122.46411;
4733;37.773532;-122.463837;
4734;37.77347;-122.466049;
4735;37.773318;-122.465739;
4736;37.77335;-122.46839;
4737;37.77325;-122.46761;
4738;37.77326;-122.47053;
4739;37.77318;-122.46982;
4740;37.77305;-122.47492;
4741;37.77295;-122.47419;
4742;37.772959;-122.476776;
4743;37.77283;-122.47683;
4744;37.77286;-122.47917;
4745;37.77275;-122.47846;
4746;37.77276;-122.48134;
4747;37.77266;-122.48061;
4748;37.7726;-122.48452;
4749;37.77251;-122.4838;
4750;37.77251;-122.48726;
4751;37.77235;-122.48717;
4752;37.7724;-122.48941;
4753;37.77224;-122.48919;
4754;37.782233;-122.44763;
4755;37.780687;-122.472423;
4756;37.780526;-122.472676;
4757;37.787401;-122.408391;
4758;37.782509;-122.446805;
4759;37.782322;-122.445934;
4760;37.783847;-122.437761;
4761;37.783624;-122.437669;
4762;37.781849;-122.453075;
4763;37.781599;-122.453258;
4764;37.78126;-122.456434;
4765;37.782795;-122.442541;
4766;37.787642;-122.406488;
4767;37.786983;-122.411681;
4768;37.785843;-122.420635;
4769;37.784641;-122.431021;
4770;37.784489;-122.431353;
4771;37.770436;-122.466151;
4773;37.807561;-122.475024;
4776;37.806668;-122.475872;
4777;37.806571;-122.475046;
4778;37.807231;-122.475241;
4779;37.767879;-122.510284;
4780;37.76737;-122.510456;
4781;37.74544;-122.50755;
4782;37.735482;-122.506821;
4783;37.722458;-122.395415;
4784;37.718234;-122.388272;
4785;37.72035;-122.391729;
4786;37.721413;-122.393595;
4787;37.732525;-122.433416;
4788;37.732401;-122.433855;
4789;37.719102;-122.475633;
4790;37.716693;-122.475907;
4791;37.715979;-122.477167;
4792;37.729955;-122.451205;
4795;37.71187;-122.42819;
4796;37.71174;-122.42829;
4798;37.71108;-122.42627;
4799;37.71072;-122.42576;
4803;37.72105;-122.447219;
4805;37.720863;-122.44723;
4808;37.7079;-122.41823;
4809;37.7077;-122.41841;
4810;37.718927;-122.443554;
4811;37.718722;-122.443554;
4816;37.720069;-122.44526;
4817;37.73004;-122.37711;
4818;37.791004;-122.403976;
4819;37.792878;-122.404364;
4820;37.794699;-122.404741;
4821;37.788203;-122.403461;
4822;37.796126;-122.405027;
4823;37.807182;-122.407211;
4824;37.797331;-122.405267;
4826;37.789746;-122.403724;
4827;37.72988;-122.37527;
4828;37.70913;-122.48498;
4829;37.709312;-122.485294;
4830;37.714567;-122.485148;
4831;37.71487;-122.485354;
4833;37.72423;-122.48489;
4834;37.718698;-122.485001;
4835;37.718422;-122.485207;
4836;37.71153;-122.48527;
4837;37.711203;-122.485513;
4838;37.729628;-122.486404;
4839;37.729441;-122.48629;
4840;37.72606;-122.48434;
4842;37.773214;-122.509991;
4843;37.773214;-122.51006;
4844;37.77169;-122.50984;
4845;37.806348;-122.422083;
4846;37.783228;-122.417415;
4847;37.781693;-122.417106;
4848;37.778901;-122.416545;
4850;37.780569;-122.416865;
4851;37.785084;-122.417792;
4852;37.758605;-122.464086;
4853;37.758471;-122.463879;
4854;37.758524;-122.465804;
4855;37.75839;-122.46605;
4856;37.7584;-122.46793;
4857;37.75824;-122.46812;
4858;37.7583;-122.47008;
4859;37.7582;-122.47003;
4860;37.75913;-122.47227;
4861;37.75916;-122.47269;
4862;37.78922;-122.41529;
4863;37.79109;-122.41567;
4864;37.79295;-122.41604;
4865;37.78643;-122.4147;
4866;37.79465;-122.41638;
4867;37.7855;-122.41453;
4868;37.79015;-122.41548;
4869;37.78736;-122.41488;
4870;37.79206;-122.41586;
4871;37.788322;-122.415097;
4872;37.79382;-122.41622;
4873;37.785015;-122.499592;
4874;37.78498;-122.49969;
4876;37.74537;-122.45709;
4877;37.74529;-122.45718;
4878;37.751119;-122.461346;
4879;37.720283;-122.445363;
4881;37.722121;-122.449979;
4882;37.721978;-122.45007;
4883;37.714768;-122.437587;
4884;37.715143;-122.438034;
4885;37.716714;-122.44108;
4886;37.716473;-122.440874;
4888;37.712948;-122.43303;
4889;37.713332;-122.433957;
4890;37.714251;-122.436042;
4891;37.714028;-122.435961;
4892;37.715714;-122.439305;
4893;37.715679;-122.439614;
4894;37.712832;-122.431805;
4895;37.706939;-122.415534;
4898;37.720702;-122.446761;
4899;37.708368;-122.419954;
4900;37.708484;-122.420354;
4905;37.791041;-122.425771;
4908;37.719953;-122.45929;
4910;37.719962;-122.457251;
4911;37.72008;-122.453;
4912;37.719952;-122.461329;
4913;37.71999;-122.45421;
4915;37.719962;-122.456232;
4916;37.715978;-122.481473;
4917;37.715845;-122.478323;
4918;37.715006;-122.480098;
4920;37.777748;-122.423306;
4921;37.777382;-122.426324;
4923;37.778188;-122.419743;
4924;37.75504;-122.44043;
4925;37.75405;-122.44115;
4926;37.75249;-122.44257;
4927;37.7523;-122.44246;
4928;37.75084;-122.44282;
4929;37.7507;-122.44274;
4930;37.74926;-122.44261;
4931;37.74907;-122.44253;
4932;37.74852;-122.44251;
4933;37.748229;-122.442635;
4934;37.829848;-122.375254;
4935;37.828181;-122.377217;
4936;37.82982;-122.373477;
4937;37.71201;-122.4159;
4938;37.712025;-122.416047;
4940;37.770928;-122.440261;
4941;37.772612;-122.427058;
4942;37.772434;-122.427321;
4943;37.770749;-122.440548;
4944;37.770437;-122.442954;
4945;37.770508;-122.44355;
4946;37.769893;-122.448467;
4947;37.769714;-122.448662;
4948;37.769598;-122.450782;
4949;37.769438;-122.450794;
4950;37.771293;-122.437373;
4951;37.771231;-122.436743;
4952;37.77214;-122.43076;
4953;37.772069;-122.430198;
4954;37.773183;-122.422553;
4955;37.772764;-122.425843;
4956;37.77021;-122.44535;
4957;37.77025;-122.445671;
4958;37.770169;-122.445155;
4959;37.772969;-122.424192;
4960;37.771775;-122.433637;
4961;37.771605;-122.433854;
4962;37.769331;-122.452845;
4963;37.76917;-122.453075;
4964;37.752826;-122.407218;
4966;37.784193;-122.395451;
4967;37.782436;-122.397676;
4968;37.780671;-122.399913;
4969;37.778914;-122.402137;
4970;37.777148;-122.404362;
4971;37.775498;-122.406438;
4972;37.773866;-122.408513;
4973;37.772403;-122.410371;
4976;37.719198;-122.390012;
4979;37.774573;-122.441501;
4980;37.774509;-122.441259;
4983;37.776261;-122.428274;
4984;37.776244;-122.427555;
4985;37.774195;-122.444298;
4986;37.77409;-122.444515;
4987;37.773605;-122.449166;
4988;37.773417;-122.449464;
4991;37.774992;-122.438181;
4992;37.775;-122.437405;
4993;37.775838;-122.431561;
4994;37.775804;-122.430834;
4996;37.776893;-122.423326;
4997;37.777709;-122.416852;
4998;37.77653;-122.426146;
4999;37.774427;-122.442634;
5000;37.77429;-122.442862;
5001;37.773932;-122.446513;
5002;37.773946;-122.445679;
5003;37.775472;-122.434443;
5004;37.775413;-122.434177;
5007;37.77317;-122.452502;
5009;37.77296;-122.454148;
5011;37.775627;-122.433203;
5012;37.775627;-122.432476;
5013;37.777286;-122.42019;
5014;37.776056;-122.429879;
5015;37.776035;-122.42919;
5017;37.770307;-122.429929;
5018;37.770248;-122.429701;
5029;37.72522;-122.40812;
5030;37.72507;-122.40798;
5031;37.75401;-122.44089;
5032;37.75241;-122.44074;
5033;37.75103;-122.440561;
5034;37.72161;-122.471797;
5036;37.721592;-122.472954;
5037;37.721485;-122.472713;
5038;37.72193;-122.45028;
5039;37.71978;-122.45164;
5040;37.72063;-122.4511;
5041;37.740344;-122.388632;
5042;37.73469;-122.38305;
5043;37.73596;-122.38353;
5044;37.732497;-122.37991;
5045;37.73239;-122.379692;
5046;37.7377;-122.38412;
5047;37.73759;-122.38416;
5048;37.73896;-122.38628;
5049;37.739;-122.38654;
5050;37.733319;-122.381845;
5051;37.733355;-122.38212;
5056;37.79041;-122.39352;
5057;37.791401;-122.392534;
5059;37.804795;-122.4201;
5060;37.804777;-122.420261;
5061;37.796496;-122.418578;
5062;37.796345;-122.418395;
5063;37.806901;-122.421108;
5064;37.806427;-122.420432;
5065;37.79111;-122.41747;
5066;37.80284;-122.4197;
5067;37.802912;-122.419883;
5068;37.79287;-122.41784;
5069;37.800173;-122.419162;
5070;37.800208;-122.419334;
5071;37.779364;-122.415135;
5072;37.801011;-122.419494;
5073;37.800993;-122.419322;
5074;37.798308;-122.418784;
5075;37.798343;-122.418956;
5076;37.794542;-122.418189;
5077;37.802037;-122.419539;
5078;37.801859;-122.419665;
5079;37.780783;-122.415421;
5080;37.805633;-122.420272;
5081;37.805705;-122.420455;
5082;37.7954;-122.4182;
5083;37.795354;-122.418361;
5084;37.79017;-122.4173;
5085;37.79183;-122.41763;
5087;37.782648;-122.415799;
5088;37.799236;-122.418979;
5089;37.799182;-122.419139;
5090;37.79744;-122.41863;
5091;37.797406;-122.418773;
5092;37.738148;-122.406539;
5093;37.737943;-122.40678;
5094;37.73879;-122.40373;
5095;37.73955;-122.40101;
5096;37.73913;-122.40305;
5097;37.729878;-122.371871;
5098;37.729869;-122.372134;
5099;37.730941;-122.37376;
5100;37.730932;-122.374035;
5101;37.732004;-122.375614;
5102;37.73199;-122.37588;
5103;37.732915;-122.377229;
5104;37.732709;-122.377172;
5106;37.73058;-122.38034;
5107;37.73347;-122.380023;
5108;37.7333;-122.37984;
5110;37.72837;-122.3846;
5111;37.72735;-122.38563;
5112;37.72711;-122.38572;
5113;37.726041;-122.386685;
5114;37.72611;-122.38677;
5115;37.717012;-122.389212;
5116;37.718039;-122.390998;
5117;37.729136;-122.370199;
5118;37.764441;-122.458643;
5119;37.764299;-122.460824;
5120;37.764226;-122.461061;
5121;37.764155;-122.464034;
5122;37.764092;-122.464282;
5123;37.764106;-122.466165;
5124;37.764366;-122.458024;
5125;37.716241;-122.495342;
5126;37.71607;-122.49539;
5129;37.717007;-122.49777;
5130;37.71677;-122.49766;
5131;37.718996;-122.500028;
5132;37.718738;-122.499913;
5134;37.71355;-122.47126;
5135;37.710707;-122.471324;
5136;37.71463;-122.47191;
5138;37.731363;-122.471674;
5139;37.731238;-122.471858;
5140;37.71091;-122.47099;
5141;37.734307;-122.471675;
5142;37.791281;-122.444362;
5143;37.791186;-122.444246;
5144;37.792965;-122.431202;
5145;37.791724;-122.440888;
5146;37.791565;-122.441307;
5147;37.792529;-122.434676;
5148;37.793812;-122.424598;
5149;37.79358;-122.42621;
5150;37.79464;-122.417994;
5151;37.794605;-122.418293;
5152;37.795041;-122.414842;
5153;37.79441;-122.41963;
5154;37.794854;-122.416366;
5155;37.79315;-122.4295;
5156;37.79545;-122.411712;
5157;37.79336;-122.42786;
5158;37.79419;-122.42129;
5159;37.790902;-122.447365;
5160;37.791932;-122.43924;
5161;37.791772;-122.439612;
5162;37.79235;-122.436109;
5163;37.792201;-122.43632;
5164;37.795255;-122.413202;
5165;37.794044;-122.422959;
5166;37.793963;-122.423372;
5167;37.792716;-122.433025;
5170;37.718691;-122.478427;
5171;37.728421;-122.451285;
5172;37.728296;-122.451228;
5173;37.804557;-122.443892;
5174;37.808594;-122.413357;
5175;37.80832;-122.415514;
5176;37.739846;-122.391416;
5177;37.7409;-122.392973;
5178;37.740694;-122.392916;
5179;37.742087;-122.394931;
5180;37.741704;-122.394691;
5181;37.743302;-122.396787;
5182;37.742775;-122.396936;
5184;37.807248;-122.417366;
5185;37.78686;-122.41325;
5186;37.78781;-122.41344;
5187;37.78869;-122.41361;
5189;37.762299;-122.462001;
5190;37.762397;-122.462849;
5191;37.762334;-122.46435;
5192;37.762201;-122.464144;
5193;37.762227;-122.466688;
5194;37.762139;-122.466312;
5195;37.762069;-122.469324;
5196;37.761988;-122.469526;
5197;37.761848;-122.472777;
5198;37.761913;-122.473781;
5199;37.76174;-122.476825;
5200;37.761655;-122.477194;
5201;37.761534;-122.479855;
5202;37.761547;-122.481164;
5203;37.761452;-122.4833;
5204;37.761373;-122.48356;
5205;37.76131;-122.48651;
5206;37.761232;-122.486763;
5207;37.761172;-122.489719;
5208;37.761105;-122.4895;
5209;37.761028;-122.49293;
5210;37.760955;-122.493199;
5211;37.760743;-122.499359;
5212;37.760679;-122.499154;
5213;37.760598;-122.502574;
5214;37.760518;-122.502839;
5215;37.760493;-122.505832;
5216;37.760392;-122.506064;
5218;37.760256;-122.508197;
5219;37.762075;-122.470329;
5220;37.76195;-122.470572;
5221;37.760363;-122.509011;
5223;37.76017;-122.508777;
5224;37.760912;-122.495565;
5225;37.760828;-122.495964;
5226;37.76482;-122.403617;
5227;37.75443;-122.402485;
5228;37.751887;-122.402223;
5229;37.750834;-122.402121;
5232;37.732581;-122.386634;
5233;37.732367;-122.386611;
5234;37.77972;-122.389872;
5235;37.7796;-122.38955;
5236;37.7798;-122.38994;
5237;37.779621;-122.389824;
5238;37.776323;-122.394036;
5239;37.776207;-122.394231;
5240;37.776058;-122.394364;
5242;37.73108;-122.37939;
5243;37.75095;-122.461048;
5244;37.747256;-122.459042;
5245;37.748327;-122.458836;
5247;37.748157;-122.458939;
5249;37.743999;-122.456407;
5250;37.74415;-122.45663;
5253;37.754652;-122.463798;
5254;37.74311;-122.45548;
5255;37.743473;-122.455776;
5256;37.74602;-122.45816;
5257;37.801513;-122.431418;
5258;37.80135;-122.43123;
5259;37.772933;-122.425465;
5260;37.776752;-122.42627;
5261;37.781653;-122.494615;
5263;37.788393;-122.482457;
5269;37.792088;-122.480968;
5272;37.798882;-122.442735;
5273;37.799078;-122.442861;
5274;37.799711;-122.43613;
5275;37.799881;-122.435958;
5276;37.8035;-122.40807;
5277;37.803381;-122.408039;
5278;37.8037;-122.40651;
5279;37.803559;-122.406525;
5280;37.80057;-122.43101;
5281;37.80037;-122.43121;
5282;37.798543;-122.44716;
5283;37.798418;-122.447137;
5284;37.799292;-122.439421;
5285;37.799542;-122.439192;
5286;37.80328;-122.40963;
5288;37.73077;-122.3814;
5289;37.73298;-122.38479;
5290;37.73137;-122.38172;
5291;37.72163;-122.44935;
5292;37.72039;-122.45013;
5293;37.799382;-122.451849;
5294;37.79922;-122.45172;
5295;37.76612;-122.46014;
5296;37.76618;-122.46246;
5297;37.766047;-122.461887;
5298;37.766091;-122.464603;
5299;37.765957;-122.464007;
5300;37.766001;-122.466746;
5301;37.765859;-122.46623;
5302;37.765903;-122.468889;
5303;37.76575;-122.46871;
5304;37.765715;-122.473221;
5305;37.76556;-122.47305;
5306;37.765616;-122.475421;
5307;37.76546;-122.47524;
5309;37.765526;-122.47761;
5310;37.765428;-122.479696;
5311;37.765285;-122.479489;
5312;37.765329;-122.481839;
5313;37.765195;-122.481632;
5314;37.765221;-122.483993;
5315;37.765105;-122.483363;
5316;37.765131;-122.486136;
5317;37.765016;-122.485506;
5318;37.765032;-122.488267;
5319;37.764881;-122.488714;
5320;37.764943;-122.490422;
5321;37.764844;-122.492565;
5322;37.764728;-122.491934;
5323;37.764754;-122.494708;
5324;37.764186;-122.507405;
5325;37.765984;-122.457956;
5326;37.765813;-122.471032;
5327;37.76565;-122.47086;
5328;37.764131;-122.510052;
5329;37.763926;-122.50957;
5330;37.730641;-122.431331;
5331;37.797151;-122.447183;
5334;37.790844;-122.393577;
5335;37.791982;-122.394964;
5336;37.79253;-122.39567;
5337;37.721096;-122.403067;
5338;37.720926;-122.403124;
5339;37.719581;-122.408886;
5340;37.719376;-122.409058;
5341;37.720677;-122.404098;
5342;37.720766;-122.404338;
5343;37.720098;-122.406916;
5344;37.719892;-122.407088;
5345;37.718119;-122.414464;
5346;37.718039;-122.414258;
5347;37.718897;-122.418804;
5348;37.718718;-122.418633;
5349;37.721443;-122.401154;
5350;37.721541;-122.401394;
5351;37.720418;-122.405094;
5352;37.720516;-122.405323;
5353;37.718957;-122.411257;
5354;37.71877;-122.41136;
5355;37.797208;-122.411825;
5356;37.797351;-122.412009;
5357;37.78507;-122.40951;
5358;37.800965;-122.41258;
5359;37.800902;-122.412729;
5360;37.801929;-122.412775;
5361;37.80183;-122.412924;
5362;37.7991;-122.412203;
5363;37.79902;-122.412352;
5364;37.795709;-122.411516;
5365;37.795602;-122.411666;
5366;37.7962;-122.411619;
5367;37.79612;-122.411769;
5368;37.800037;-122.412397;
5369;37.799974;-122.412546;
5370;37.798199;-122.41202;
5371;37.798243;-122.412192;
5372;37.794504;-122.411059;
5381;37.779384;-122.42521;
5382;37.77948;-122.42553;
5384;37.77744;-122.44152;
5385;37.77731;-122.44185;
5386;37.77764;-122.43991;
5387;37.77752;-122.44016;
5388;37.77694;-122.44476;
5389;37.77786;-122.43822;
5390;37.77773;-122.43851;
5391;37.77864;-122.43207;
5392;37.77862;-122.4314;
5393;37.77969;-122.42386;
5394;37.77961;-122.42369;
5395;37.78073;-122.41569;
5396;37.78061;-122.41587;
5397;37.78051;-122.41741;
5398;37.77933;-122.42671;
5399;37.77919;-122.42695;
5400;37.77827;-122.43493;
5401;37.77815;-122.43519;
5402;37.78031;-122.41901;
5403;37.780168;-122.4187;
5404;37.78009;-122.42071;
5405;37.77999;-122.420144;
5406;37.77885;-122.4305;
5407;37.77886;-122.4296;
5417;37.784199;-122.407695;
5418;37.720876;-122.446651;
5419;37.775069;-122.419193;
5420;37.731668;-122.437768;
5422;37.731668;-122.439635;
5423;37.731516;-122.439853;
5424;37.731659;-122.441915;
5425;37.731508;-122.442133;
5426;37.731642;-122.444607;
5427;37.731508;-122.443977;
5428;37.731633;-122.446474;
5429;37.731481;-122.446692;
5430;37.73008;-122.461502;
5431;37.730695;-122.459085;
5432;37.731615;-122.449166;
5433;37.731481;-122.448536;
5434;37.731472;-122.451239;
5435;37.731615;-122.451445;
5436;37.729972;-122.461857;
5437;37.731115;-122.457322;
5438;37.730874;-122.457654;
5439;37.731615;-122.453289;
5440;37.731472;-122.453083;
5441;37.730553;-122.460426;
5442;37.732283;-122.46455;
5443;37.732033;-122.463965;
5444;37.731445;-122.455649;
5445;37.731267;-122.455832;
5446;37.71969;-122.45177;
5447;37.71937;-122.45094;
5448;37.720899;-122.446657;
5450;37.738182;-122.450712;
5451;37.7382;-122.450884;
5452;37.736736;-122.453794;
5453;37.737816;-122.451491;
5454;37.737727;-122.451732;
5455;37.739244;-122.450357;
5456;37.739226;-122.450529;
5457;37.80285;-122.44329;
5458;37.805803;-122.420226;
5459;37.805633;-122.420467;
5460;37.806168;-122.417405;
5461;37.806052;-122.417176;
5462;37.80735;-122.4079;
5464;37.80559;-122.42189;
5465;37.805411;-122.422106;
5466;37.80656;-122.41424;
5467;37.806524;-122.41346;
5468;37.805313;-122.423987;
5469;37.805241;-122.423494;
5470;37.80704;-122.41038;
5471;37.80688;-122.410594;
5472;37.805037;-122.425111;
5473;37.7155;-122.4352;
5474;37.712457;-122.437347;
5475;37.711797;-122.437989;
5476;37.72251;-122.43002;
5477;37.711083;-122.438504;
5478;37.71767;-122.43356;
5479;37.71445;-122.43597;
5480;37.714153;-122.436397;
5481;37.7161;-122.43476;
5482;37.713457;-122.436626;
5483;37.713484;-122.436786;
5484;37.7192;-122.43241;
5485;37.711672;-122.437897;
5486;37.733152;-122.38598;
5487;37.733;-122.386049;
5488;37.733044;-122.384858;
5489;37.733196;-122.385052;
5490;37.736304;-122.391522;
5491;37.735796;-122.392175;
5492;37.735171;-122.392737;
5495;37.75133;-122.43181;
5496;37.836443;-122.50214;
5497;37.83612;-122.50241;
5500;37.734174;-122.379541;
5501;37.737011;-122.379321;
5502;37.736521;-122.379505;
5503;37.735164;-122.379323;
5504;37.73502;-122.37947;
5505;37.7437;-122.38317;
5507;37.74254;-122.3837;
5508;37.74253;-122.38393;
5509;37.74106;-122.38444;
5510;37.74113;-122.38464;
5511;37.781827;-122.504106;
5513;37.737744;-122.461458;
5514;37.737869;-122.461309;
5515;37.739377;-122.460083;
5516;37.739199;-122.460026;
5517;37.740082;-122.459224;
5518;37.740207;-122.45927;
5519;37.735505;-122.460804;
5528;37.78992;-122.39749;
5529;37.78775;-122.40024;
5530;37.78787;-122.39985;
5531;37.78651;-122.40157;
5532;37.78597;-122.40249;
5533;37.78464;-122.40393;
5534;37.78436;-122.40452;
5535;37.78259;-122.40654;
5536;37.782725;-122.40664;
5537;37.78119;-122.40831;
5538;37.78075;-122.4091;
5539;37.77897;-122.41135;
5540;37.77723;-122.41355;
5541;37.7777;-122.41273;
5542;37.77645;-122.41431;
5543;37.77594;-122.41518;
5544;37.774216;-122.41712;
5545;37.774306;-122.417292;
5546;37.77047;-122.41978;
5547;37.76862;-122.41993;
5548;37.7678;-122.42002;
5549;37.76714;-122.41979;
5550;37.7662;-122.41986;
5551;37.76554;-122.41964;
5552;37.76455;-122.41971;
5553;37.762635;-122.419348;
5554;37.761761;-122.419463;
5555;37.76066;-122.41917;
5556;37.7598;-122.41925;
5557;37.75911;-122.41902;
5558;37.75817;-122.41909;
5559;37.75751;-122.41887;
5560;37.75659;-122.41895;
5561;37.75582;-122.41871;
5562;37.75517;-122.4188;
5563;37.75428;-122.41856;
5564;37.75343;-122.41863;
5565;37.75273;-122.41841;
5566;37.751964;-122.418528;
5567;37.74951;-122.4181;
5568;37.74857;-122.41818;
5569;37.74429;-122.42064;
5570;37.74381;-122.42113;
5571;37.742435;-122.421819;
5572;37.74244;-122.422;
5573;37.73217;-122.428;
5574;37.70889;-122.4522;
5575;37.71448;-122.44264;
5577;37.738867;-122.423871;
5578;37.73899;-122.42404;
5579;37.791144;-122.395916;
5580;37.73334;-122.42682;
5582;37.72454;-122.43481;
5583;37.741052;-122.422759;
5584;37.74113;-122.42284;
5585;37.70741;-122.45653;
5586;37.726355;-122.43351;
5587;37.74592;-122.41959;
5588;37.70682;-122.45906;
5589;37.71285;-122.44462;
5590;37.72635;-122.43365;
5591;37.79015;-122.39695;
5592;37.716455;-122.441149;
5593;37.716642;-122.440782;
5594;37.70736;-122.45708;
5595;37.71251;-122.44475;
5596;37.737448;-122.423963;
5597;37.73706;-122.4242;
5598;37.71915;-122.439087;
5599;37.71865;-122.439259;
5600;37.7095;-122.45087;
5601;37.71172;-122.44569;
5602;37.711468;-122.446532;
5603;37.791965;-122.39493;
5604;37.7147;-122.44265;
5605;37.73404;-122.42592;
5607;37.72431;-122.43519;
5608;37.70962;-122.45006;
5609;37.721282;-122.437483;
5610;37.72338;-122.43568;
5611;37.74711;-122.41882;
5612;37.74694;-122.4191;
5613;37.73591;-122.42442;
5614;37.73562;-122.4247;
5615;37.721469;-122.437117;
5616;37.72281;-122.43633;
5619;37.70866;-122.45332;
5620;37.72862;-122.4313;
5621;37.728696;-122.431412;
5623;37.79239;-122.39435;
5624;37.73066;-122.42927;
5625;37.73045;-122.42971;
5626;37.74508;-122.4203;
5627;37.71048;-122.44834;
5628;37.71022;-122.44845;
5630;37.71094;-122.435435;
5631;37.71293;-122.43295;
5632;37.711155;-122.438241;
5633;37.72792;-122.365447;
5634;37.736834;-122.432189;
5638;37.790896;-122.399138;
5639;37.789353;-122.401306;
5640;37.787525;-122.403519;
5641;37.787712;-122.403209;
5642;37.786597;-122.404586;
5643;37.785652;-122.405893;
5644;37.78484;-122.406834;
5645;37.783886;-122.408141;
5646;37.783395;-122.408657;
5647;37.782102;-122.4104;
5648;37.78129;-122.411329;
5649;37.77981;-122.413186;
5650;37.780363;-122.412613;
5651;37.778606;-122.414826;
5652;37.77741;-122.41634;
5653;37.76569;-122.4314;
5654;37.76391;-122.43366;
5655;37.784082;-122.407992;
5656;37.780568;-122.412441;
5657;37.79111;-122.399069;
5658;37.792572;-122.397016;
5659;37.769786;-122.426149;
5661;37.767829;-122.428628;
5662;37.767259;-122.42915;
5663;37.758409;-122.444055;
5665;37.76246;-122.435449;
5667;37.76262;-122.43538;
5668;37.76888;-122.427103;
5669;37.793473;-122.396178;
5671;37.79192;-122.39815;
5672;37.773269;-122.421768;
5673;37.772875;-122.421991;
5674;37.78639;-122.40516;
5675;37.77057;-122.424971;
5676;37.779105;-122.414379;
5678;37.78773;-122.40337;
5679;37.777589;-122.416213;
5680;37.777598;-122.416236;
5681;37.770953;-122.424666;
5682;37.792984;-122.396627;
5683;37.78285;-122.40964;
5684;37.78849;-122.40248;
5685;37.788613;-122.402163;
5686;37.764489;-122.432812;
5687;37.763958;-122.433323;
5688;37.78468;-122.40731;
5689;37.790156;-122.400411;
5690;37.766185;-122.430707;
5691;37.765689;-122.43114;
5692;37.775056;-122.419321;
5693;37.79426;-122.39491;
5694;37.785857;-122.405744;
5695;37.782316;-122.410228;
5696;37.775243;-122.419183;
5697;37.753618;-122.450541;
5698;37.72136;-122.42762;
5699;37.7229;-122.42647;
5700;37.71669;-122.43113;
5702;37.71513;-122.4323;
5703;37.719823;-122.42876;
5704;37.767511;-122.444846;
5705;37.7759;-122.44658;
5706;37.77571;-122.44636;
5707;37.77757;-122.44674;
5708;37.77754;-122.446908;
5709;37.78213;-122.44728;
5710;37.782144;-122.447573;
5711;37.770089;-122.445407;
5712;37.77031;-122.44542;
5713;37.770348;-122.445304;
5714;37.77406;-122.446049;
5715;37.77402;-122.44624;
5716;37.771963;-122.445625;
5717;37.77173;-122.44573;
5718;37.778771;-122.447;
5719;37.77876;-122.44716;
5720;37.83183;-122.53238;
5721;37.831876;-122.530858;
5722;37.83178;-122.53626;
5726;37.767194;-122.429168;
5727;37.778542;-122.414813;
5728;37.762576;-122.435231;
5730;37.748351;-122.458623;
5731;37.788702;-122.401925;
5732;37.74668;-122.43148;
5733;37.74654;-122.43132;
5734;37.74519;-122.43134;
5735;37.74493;-122.43117;
5736;37.74354;-122.43117;
5737;37.7433;-122.43104;
5738;37.74201;-122.43101;
5739;37.75526;-122.47312;
5741;37.754042;-122.482773;
5742;37.753881;-122.483014;
5744;37.753782;-122.485168;
5745;37.753898;-122.485993;
5746;37.753692;-122.48731;
5747;37.753754;-122.489201;
5748;37.753593;-122.489453;
5751;37.753619;-122.492432;
5752;37.753458;-122.49265;
5753;37.75343;-122.496717;
5754;37.753215;-122.498012;
5755;37.753331;-122.498848;
5756;37.753125;-122.500166;
5757;37.753241;-122.501002;
5758;37.753026;-122.502309;
5759;37.753124;-122.503569;
5760;37.752936;-122.504451;
5761;37.753034;-122.505712;
5762;37.752891;-122.505574;
5763;37.752934;-122.507854;
5764;37.753493;-122.495056;
5765;37.753332;-122.495422;
5766;37.73025;-122.37448;
5767;37.730978;-122.377013;
5768;37.73163;-122.37896;
5769;37.74007;-122.41131;
5770;37.73992;-122.41141;
5772;37.775063;-122.42195;
5774;37.741885;-122.403341;
5775;37.729384;-122.381367;
5776;37.728223;-122.379318;
5777;37.730152;-122.382684;
5779;37.728285;-122.467561;
5780;37.728383;-122.467871;
5781;37.72287;-122.44735;
5782;37.72367;-122.43867;
5783;37.72357;-122.43853;
5784;37.72304;-122.451448;
5785;37.722947;-122.450866;
5786;37.727252;-122.46676;
5787;37.724957;-122.461059;
5788;37.726008;-122.464072;
5790;37.723022;-122.449784;
5791;37.72286;-122.44929;
5792;37.730952;-122.471686;
5793;37.724955;-122.46139;
5794;37.723459;-122.453999;
5795;37.723451;-122.454217;
5796;37.723941;-122.435731;
5797;37.724387;-122.458077;
5798;37.724262;-122.458306;
5800;37.72326;-122.44124;
5801;37.72382;-122.43589;
5804;37.72302;-122.44512;
5805;37.7229;-122.4444;
5806;37.729989;-122.469097;
5807;37.729945;-122.469475;
5808;37.726029;-122.464337;
5809;37.727199;-122.46648;
5810;37.786642;-122.405629;
5811;37.785369;-122.415774;
5813;37.785093;-122.417998;
5814;37.785538;-122.414445;
5817;37.786331;-122.408128;
5818;37.784657;-122.421415;
5819;37.83592;-122.48383;
5820;37.755304;-122.455411;
5821;37.751494;-122.456224;
5822;37.751343;-122.454391;
5823;37.75128;-122.453073;
5824;37.751298;-122.452271;
5825;37.713328;-122.462585;
5826;37.752778;-122.465631;
5827;37.752885;-122.466479;
5828;37.750927;-122.507509;
5829;37.744481;-122.450678;
5830;37.741385;-122.446027;
5831;37.741082;-122.44597;
5832;37.736611;-122.443301;
5833;37.736478;-122.443782;
5834;37.744999;-122.451308;
5835;37.77073;-122.42031;
5836;37.77281;-122.41917;
5837;37.796984;-122.406735;
5838;37.79555;-122.4182;
5839;37.795381;-122.418395;
5840;37.79596;-122.41491;
5841;37.795791;-122.415105;
5842;37.79717;-122.405222;
5843;37.795328;-122.419863;
5844;37.795149;-122.420035;
5845;37.795755;-122.416549;
5846;37.795586;-122.416744;
5847;37.796378;-122.411619;
5848;37.796209;-122.411814;
5849;37.797393;-122.403582;
5850;37.795114;-122.42148;
5851;37.794998;-122.42125;
5852;37.796556;-122.410037;
5853;37.796405;-122.410175;
5854;37.797544;-122.402367;
5855;37.796788;-122.408329;
5856;37.796165;-122.41327;
5857;37.795995;-122.413465;
5858;37.7949;-122.42313;
5859;37.794784;-122.422901;
5860;37.77419;-122.42096;
5863;37.734019;-122.390825;
5864;37.733814;-122.390768;
5865;37.727982;-122.380189;
5866;37.728679;-122.381425;
5867;37.739529;-122.400547;
5868;37.72942;-122.38273;
5869;37.729733;-122.383578;
5870;37.730795;-122.385146;
5871;37.73082;-122.38542;
5872;37.731858;-122.387046;
5873;37.732055;-122.387367;
5874;37.731849;-122.38731;
5875;37.732921;-122.38889;
5876;37.732912;-122.389176;
5877;37.735029;-122.39292;
5878;37.735028;-122.392657;
5879;37.7361;-122.394535;
5880;37.7361;-122.39481;
5881;37.737163;-122.396367;
5882;37.737216;-122.396722;
5883;37.73821;-122.39824;
5884;37.73825;-122.39853;
5885;37.762727;-122.46074;
5887;37.763308;-122.458746;
5889;37.764905;-122.450083;
5890;37.764789;-122.449854;
5891;37.763807;-122.45697;
5892;37.763718;-122.456741;
5893;37.764771;-122.451103;
5894;37.764602;-122.451298;
5895;37.764548;-122.452879;
5896;37.764432;-122.45265;
5897;37.764352;-122.454529;
5898;37.764236;-122.4543;
5899;37.723647;-122.400591;
5900;37.722485;-122.396343;
5901;37.723289;-122.39908;
5902;37.723012;-122.397946;
5903;37.722726;-122.397385;
5904;37.723879;-122.401576;
5905;37.723397;-122.400202;
5906;37.720139;-122.429501;
5907;37.720112;-122.429467;
5908;37.717782;-122.422504;
5909;37.717791;-122.422779;
5910;37.721638;-122.432673;
5911;37.721612;-122.432959;
5912;37.723147;-122.435845;
5913;37.722941;-122.435765;
5914;37.719728;-122.428676;
5915;37.719702;-122.428963;
5916;37.72088;-122.43107;
5917;37.720853;-122.431356;
5918;37.722406;-122.434276;
5919;37.722379;-122.434563;
5920;37.718961;-122.427062;
5921;37.718934;-122.427348;
5922;37.7241;-122.45226;
5923;37.72385;-122.45243;
5924;37.72762;-122.45229;
5925;37.727867;-122.452453;
5926;37.723611;-122.453896;
5927;37.72376;-122.45356;
5928;37.726038;-122.45227;
5929;37.725539;-122.45243;
5930;37.7291;-122.40088;
5931;37.72912;-122.40101;
5932;37.72847;-122.40144;
5933;37.72808;-122.40193;
5934;37.739757;-122.391267;
5935;37.73808;-122.392987;
5936;37.737866;-122.392964;
5937;37.73684;-122.394099;
5938;37.736635;-122.394088;
5939;37.736216;-122.394672;
5940;37.73019;-122.39988;
5941;37.792288;-122.400088;
5942;37.79254;-122.39772;
5943;37.792484;-122.398518;
5944;37.79197;-122.40245;
5946;37.776948;-122.471975;
5947;37.77648;-122.47214;
5948;37.784363;-122.472711;
5949;37.784497;-122.472528;
5950;37.773219;-122.471653;
5951;37.77327;-122.47191;
5952;37.780571;-122.472412;
5953;37.780776;-122.472217;
5954;37.71334;-122.45601;
5955;37.717502;-122.38699;
5958;37.719881;-122.456015;
5960;37.720113;-122.456221;
5961;37.721934;-122.456232;
5962;37.721764;-122.456038;
5963;37.71817;-122.45606;
5964;37.718454;-122.456209;
5965;37.71501;-122.45613;
5966;37.71484;-122.45605;
5967;37.73209;-122.45765;
5968;37.732239;-122.457768;
5971;37.71655;-122.45605;
5972;37.71643;-122.45613;
5973;37.73111;-122.45753;
5974;37.723772;-122.456049;
5975;37.723638;-122.456233;
5976;37.7117;-122.45599;
5977;37.71155;-122.45608;
5978;37.71757;-122.45614;
5979;37.71773;-122.45607;
5980;37.73261;-122.45851;
5981;37.753457;-122.452626;
5982;37.749264;-122.45203;
5983;37.796185;-122.421731;
5984;37.795676;-122.421812;
5985;37.790822;-122.420644;
5986;37.790644;-122.420793;
5987;37.803653;-122.423231;
5988;37.803475;-122.42338;
5989;37.797737;-122.42204;
5990;37.801628;-122.423014;
5991;37.801476;-122.422796;
5992;37.805018;-122.4237;
5993;37.785022;-122.419661;
5994;37.795275;-122.421537;
5995;37.789537;-122.420381;
5996;37.789359;-122.42053;
5997;37.786744;-122.41982;
5998;37.786566;-122.419969;
5999;37.791741;-122.420827;
6000;37.791929;-122.421057;
6001;37.788002;-122.420072;
6002;37.787824;-122.420221;
6003;37.799004;-122.422292;
6004;37.798826;-122.422441;
6005;37.796961;-122.422075;
6006;37.793499;-122.421193;
6007;37.793695;-122.421411;
6008;37.749951;-122.443483;
6009;37.74897;-122.44396;
6010;37.747042;-122.444766;
6011;37.73955;-122.46527;
6012;37.74715;-122.4442;
6013;37.741974;-122.455776;
6014;37.7401;-122.46344;
6015;37.746462;-122.447917;
6016;37.78705;-122.41772;
6017;37.78745;-122.41459;
6018;37.785774;-122.427675;
6019;37.78901;-122.40238;
6020;37.785906;-122.426654;
6021;37.7868;-122.41956;
6022;37.7883;-122.40793;
6023;37.78788;-122.41132;
6024;37.786575;-122.421448;
6026;37.766031;-122.407474;
6027;37.765701;-122.407646;
6028;37.764738;-122.407349;
6029;37.76423;-122.40754;
6030;37.76185;-122.40705;
6031;37.76164;-122.40729;
6032;37.75962;-122.40684;
6033;37.75908;-122.40705;
6034;37.75749;-122.4069;
6035;37.75719;-122.4066;
6036;37.75588;-122.40675;
6037;37.75399;-122.40657;
6038;37.753254;-122.406267;
6039;37.75268;-122.40644;
6040;37.75164;-122.40608;
6041;37.751264;-122.406337;
6042;37.768256;-122.407667;
6043;37.76844;-122.40792;
6045;37.805738;-122.411833;
6046;37.808031;-122.412508;
6047;37.790158;-122.408711;
6048;37.790141;-122.408871;
6049;37.7923;-122.409145;
6050;37.792211;-122.409294;
6051;37.793755;-122.409465;
6052;37.793835;-122.409626;
6054;37.801232;-122.411124;
6055;37.804962;-122.411879;
6056;37.80481;-122.41165;
6057;37.787464;-122.408322;
6058;37.787267;-122.408128;
6059;37.795316;-122.409774;
6060;37.802945;-122.411272;
6061;37.802767;-122.411433;
6063;37.7848;-122.40768;
6064;37.784635;-122.407785;
6065;37.806666;-122.412038;
6066;37.806497;-122.412176;
6067;37.786509;-122.408139;
6068;37.786322;-122.407933;
6069;37.791095;-122.408905;
6070;37.791078;-122.409066;
6071;37.788392;-122.408505;
6072;37.788195;-122.408299;
6073;37.79288;-122.409259;
6074;37.79296;-122.409443;
6075;37.789132;-122.408493;
6076;37.789061;-122.408642;
6077;37.794638;-122.409637;
6080;37.710164;-122.435069;
6081;37.709968;-122.436798;
6082;37.71903;-122.42718;
6083;37.71884;-122.42722;
6084;37.71756;-122.4282;
6085;37.71748;-122.42835;
6086;37.75041;-122.44578;
6087;37.752351;-122.446084;
6088;37.787381;-122.446736;
6089;37.78737;-122.44688;
6090;37.78918;-122.44726;
6091;37.78897;-122.44704;
6092;37.782706;-122.445796;
6093;37.78267;-122.44593;
6094;37.790905;-122.447607;
6095;37.79071;-122.4474;
6096;37.786239;-122.44653;
6097;37.786328;-122.446759;
6098;37.784535;-122.446197;
6099;37.784392;-122.446289;
6104;37.799043;-122.452537;
6106;37.796482;-122.451517;
6107;37.796705;-122.4517;
6109;37.779651;-122.502855;
6111;37.779837;-122.50501;
6112;37.74636;-122.44764;
6113;37.74324;-122.4552;
6114;37.74287;-122.45524;
6115;37.74593;-122.44957;
6116;37.7404;-122.46107;
6117;37.74023;-122.46083;
6118;37.740885;-122.457517;
6119;37.755413;-122.406472;
6120;37.73993;-122.46368;
6121;37.74532;-122.4519;
6122;37.741626;-122.456521;
6123;37.74533;-122.45238;
6124;37.786123;-122.424982;
6125;37.78855;-122.40599;
6126;37.78724;-122.41626;
6127;37.78765;-122.41295;
6129;37.780041;-122.50744;
6135;37.749039;-122.468369;
6136;37.74887;-122.468563;
6137;37.74872;-122.47298;
6139;37.74867;-122.47408;
6140;37.74871;-122.47584;
6141;37.74858;-122.47622;
6142;37.74855;-122.47917;
6143;37.74845;-122.47943;
6144;37.74846;-122.48131;
6145;37.74836;-122.48157;
6146;37.74838;-122.48345;
6147;37.748277;-122.483469;
6148;37.74832;-122.48458;
6149;37.74822;-122.48477;
6150;37.74827;-122.4856;
6151;37.74816;-122.48586;
6152;37.74822;-122.48666;
6153;37.74812;-122.48692;
6154;37.74814;-122.48881;
6155;37.748;-122.48905;
6156;37.74805;-122.49095;
6157;37.74791;-122.49121;
6158;37.74796;-122.4931;
6159;37.74783;-122.49334;
6160;37.747765;-122.494399;
6161;37.74763;-122.49763;
6162;37.74768;-122.49952;
6163;37.74754;-122.49981;
6164;37.747575;-122.501938;
6165;37.74742;-122.50304;
6166;37.74743;-122.50487;
6167;37.74734;-122.507;
6168;37.749093;-122.467681;
6169;37.748977;-122.467051;
6170;37.748985;-122.469423;
6171;37.748834;-122.46964;
6172;37.714342;-122.466982;
6173;37.714201;-122.467218;
6174;37.714348;-122.463392;
6175;37.71424;-122.46361;
6177;37.7397;-122.42757;
6181;37.800408;-122.447447;
6182;37.800328;-122.446954;
6184;37.73098;-122.39504;
6185;37.72979;-122.3954;
6186;37.75617;-122.401842;
6187;37.767466;-122.402912;
6188;37.767315;-122.402729;
6189;37.766324;-122.402627;
6190;37.766164;-122.402799;
6191;37.76487;-122.402673;
6192;37.761988;-122.4024;
6193;37.760953;-122.402298;
6195;37.759436;-122.402161;
6196;37.756884;-122.401911;
6197;37.754332;-122.401672;
6198;37.753386;-122.401569;
6199;37.75211;-122.401467;
6200;37.750727;-122.401342;
6201;37.768742;-122.403038;
6202;37.768573;-122.402843;
6203;37.763264;-122.402525;
6204;37.758499;-122.40207;
6208;37.744368;-122.410465;
6209;37.74428;-122.41051;
6210;37.74418;-122.41315;
6211;37.74414;-122.41301;
6212;37.731399;-122.429647;
6213;37.761192;-122.428184;
6214;37.758264;-122.427924;
6215;37.758229;-122.427795;
6216;37.756643;-122.426922;
6217;37.756436;-122.426822;
6218;37.754607;-122.42775;
6219;37.73119;-122.47435;
6220;37.730987;-122.474366;
6221;37.757451;-122.426999;
6222;37.757239;-122.426867;
6223;37.732022;-122.473719;
6224;37.731808;-122.473815;
6228;37.740198;-122.450609;
6229;37.740823;-122.449361;
6230;37.764495;-122.443299;
6231;37.764495;-122.443138;
6232;37.767162;-122.437225;
6233;37.766493;-122.439505;
6234;37.76197;-122.445373;
6235;37.761952;-122.445213;
6236;37.76373;-122.44291;
6237;37.76373;-122.44301;
6238;37.76342;-122.4437;
6239;37.763237;-122.443792;
6240;37.76536;-122.44102;
6241;37.71814;-122.42985;
6242;37.71817;-122.43012;
6243;37.712451;-122.407389;
6245;37.74585;-122.49536;
6246;37.74543;-122.50504;
6247;37.74535;-122.5067;
6248;37.73241;-122.39135;
6249;37.7322;-122.39123;
6250;37.7285;-122.38469;
6251;37.72953;-122.3863;
6252;37.72956;-122.38656;
6253;37.73165;-122.39004;
6254;37.73169;-122.39029;
6257;37.714153;-122.452148;
6259;37.71407;-122.45208;
6260;37.720827;-122.446474;
6262;37.720631;-122.446818;
6263;37.720676;-122.446783;
6265;37.71626;-122.450334;
6266;37.716083;-122.450435;
6268;37.718284;-122.448593;
6269;37.7194;-122.44762;
6274;37.723085;-122.444699;
6275;37.722862;-122.44479;
6276;37.722933;-122.444894;
6277;37.739741;-122.424157;
6280;37.739385;-122.42432;
6283;37.7112;-122.455945;
6284;37.728991;-122.439922;
6285;37.728996;-122.440016;
6287;37.725877;-122.442359;
6288;37.725681;-122.442442;
6290;37.794135;-122.400179;
6291;37.790316;-122.430617;
6292;37.790194;-122.430855;
6293;37.786908;-122.45656;
6294;37.7945;-122.39761;
6295;37.78984;-122.434336;
6296;37.789839;-122.433669;
6297;37.79115;-122.424037;
6298;37.790887;-122.426132;
6299;37.793411;-122.406306;
6300;37.79197;-122.417445;
6301;37.792396;-122.414161;
6302;37.793575;-122.404846;
6303;37.791721;-122.419531;
6304;37.792183;-122.415755;
6305;37.790526;-122.42896;
6306;37.79036;-122.429185;
6307;37.793842;-122.403068;
6309;37.790709;-122.427502;
6310;37.79068;-122.427138;
6311;37.791516;-122.421146;
6312;37.793043;-122.409116;
6313;37.788121;-122.447093;
6314;37.79403;-122.401551;
6315;37.792673;-122.411864;
6316;37.793236;-122.407591;
6317;37.791378;-122.422286;
6318;37.788026;-122.447979;
6319;37.790107;-122.432226;
6320;37.789987;-122.4325;
6321;37.71144;-122.46156;
6322;37.71149;-122.45888;
6323;37.71129;-122.45913;
6324;37.71128;-122.46198;
6326;37.793305;-122.401085;
6327;37.79318;-122.40122;
6328;37.79447;-122.40149;
6329;37.80234;-122.40294;
6331;37.79778;-122.40202;
6332;37.79202;-122.40086;
6333;37.79428;-122.40131;
6334;37.79034;-122.40061;
6336;37.79967;-122.4024;
6337;37.79606;-122.40166;
6339;37.711696;-122.418864;
6340;37.711857;-122.418681;
6343;37.70864;-122.41987;
6344;37.7085;-122.42008;
6345;37.709867;-122.4193;
6346;37.710028;-122.419426;
6347;37.720524;-122.446657;
6348;37.71479;-122.40057;
6350;37.71467;-122.40046;
6352;37.712289;-122.402419;
6355;37.72797;-122.40367;
6357;37.72752;-122.403647;
6358;37.72408;-122.4022;
6359;37.73011;-122.4047;
6360;37.721478;-122.400948;
6361;37.721604;-122.401223;
6362;37.72418;-122.4021;
6363;37.723647;-122.401863;
6364;37.73206;-122.40537;
6365;37.73217;-122.40556;
6366;37.71384;-122.40213;
6367;37.73026;-122.40462;
6368;37.71938;-122.40042;
6369;37.71905;-122.40049;
6370;37.717;-122.39984;
6371;37.71672;-122.39993;
6372;37.72531;-122.40271;
6373;37.72637;-122.40301;
6374;37.733202;-122.465798;
6375;37.734861;-122.466154;
6376;37.80308;-122.44183;
6382;37.70931;-122.412;
6383;37.70906;-122.41198;
6384;37.706528;-122.413359;
6385;37.70709;-122.41293;
6386;37.71049;-122.41136;
6387;37.71036;-122.41151;
6388;37.70826;-122.41234;
6389;37.70813;-122.41254;
6391;37.71029;-122.45478;
6393;37.729794;-122.433256;
6394;37.729589;-122.433175;
6395;37.734586;-122.402188;
6396;37.730913;-122.410839;
6397;37.733052;-122.404365;
6398;37.729131;-122.419396;
6399;37.729015;-122.419167;
6400;37.733275;-122.404297;
6401;37.728713;-122.425868;
6402;37.728561;-122.426085;
6404;37.729932;-122.412981;
6405;37.729843;-122.413611;
6406;37.7289;-122.422569;
6407;37.728748;-122.422786;
6408;37.730967;-122.410197;
6410;37.728473;-122.428789;
6411;37.7315;-122.40885;
6412;37.731332;-122.408994;
6413;37.728901;-122.4314;
6414;37.728776;-122.431114;
6415;37.72866;-122.431217;
6416;37.7371;-122.39663;
6417;37.729014;-122.416109;
6418;37.728827;-122.416269;
6419;37.736316;-122.398624;
6420;37.736361;-122.398888;
6421;37.732348;-122.405695;
6422;37.732411;-122.405947;
6424;37.735273;-122.401065;
6425;37.78505;-122.424085;
6426;37.751218;-122.450094;
6427;37.748925;-122.450449;
6428;37.749942;-122.450335;
6429;37.728222;-122.501695;
6430;37.726758;-122.50253;
6431;37.726392;-122.502449;
6432;37.731149;-122.499223;
6433;37.733542;-122.496636;
6434;37.733595;-122.496842;
6435;37.73478;-122.474493;
6436;37.734494;-122.475272;
6437;37.734752;-122.47738;
6438;37.734485;-122.477242;
6439;37.734404;-122.479625;
6440;37.734287;-122.48218;
6441;37.734141;-122.491607;
6442;37.734042;-122.493646;
6443;37.73378;-122.49345;
6444;37.73373;-122.494597;
6445;37.733907;-122.496773;
6446;37.734567;-122.499294;
6447;37.73413;-122.498961;
6448;37.735387;-122.501345;
6449;37.735012;-122.500749;
6450;37.7356;-122.503407;
6451;37.735368;-122.502777;
6453;37.735528;-122.505354;
6454;37.733874;-122.491653;
6455;37.73424;-122.489259;
6456;37.734653;-122.480061;
6457;37.734375;-122.486235;
6458;37.733955;-122.489683;
6459;37.734215;-122.483944;
6460;37.734555;-122.482237;
6461;37.733702;-122.496819;
6462;37.734125;-122.485834;
6463;37.734483;-122.483955;
6464;37.73478;-122.47187;
6465;37.734575;-122.471881;
6467;37.74508;-122.47049;
6468;37.74507;-122.4735;
6469;37.710708;-122.431507;
6470;37.712153;-122.432183;
6471;37.711234;-122.431771;
6472;37.711698;-122.432103;
6473;37.773316;-122.418622;
6475;37.793589;-122.395548;
6478;37.766449;-122.452914;
6479;37.774604;-122.454714;
6480;37.772819;-122.454186;
6481;37.772766;-122.454335;
6482;37.770856;-122.453785;
6483;37.768331;-122.453464;
6484;37.71028;-122.46933;
6485;37.70874;-122.46932;
6486;37.788844;-122.435568;
6487;37.795859;-122.436863;
6488;37.795937;-122.437037;
6489;37.789329;-122.435556;
6490;37.796785;-122.437054;
6491;37.796627;-122.437137;
6492;37.794911;-122.436669;
6493;37.794887;-122.436789;
6494;37.791449;-122.436132;
6497;37.793347;-122.393232;
6498;37.79324;-122.393324;
6501;37.794427;-122.39455;
6502;37.735021;-122.471252;
6503;37.734807;-122.471618;
6504;37.734861;-122.46636;
6505;37.734941;-122.467849;
6506;37.73479;-122.468067;
6507;37.734861;-122.469579;
6508;37.734709;-122.469797;
6509;37.731837;-122.431319;
6511;37.793736;-122.407757;
6512;37.799215;-122.408878;
6513;37.799277;-122.40905;
6515;37.801419;-122.409461;
6517;37.802347;-122.409656;
6518;37.80221;-122.4095;
6519;37.80313;-122.40969;
6520;37.796244;-122.40826;
6521;37.797189;-122.408604;
6522;37.793433;-122.407861;
6523;37.789596;-122.406923;
6524;37.789953;-122.40714;
6525;37.80054;-122.40928;
6526;37.795369;-122.408249;
6527;37.762621;-122.495784;
6528;37.762496;-122.495955;
6529;37.761006;-122.495851;
6530;37.760765;-122.495656;
6531;37.759132;-122.495713;
6532;37.758891;-122.495518;
6533;37.73034;-122.493518;
6534;37.729804;-122.493655;
6535;37.757267;-122.495585;
6536;37.757026;-122.49539;
6537;37.755402;-122.495458;
6538;37.755162;-122.495263;
6539;37.753538;-122.495319;
6540;37.753297;-122.495124;
6541;37.732026;-122.493862;
6542;37.73183;-122.493622;
6543;37.751798;-122.49502;
6544;37.751307;-122.495169;
6545;37.749808;-122.495065;
6546;37.749567;-122.49487;
6547;37.748068;-122.494766;
6548;37.747578;-122.494915;
6549;37.746079;-122.494799;
6550;37.745838;-122.494604;
6551;37.733364;-122.49368;
6552;37.732945;-122.49392;
6553;37.744223;-122.494672;
6554;37.743982;-122.494477;
6555;37.742349;-122.494545;
6556;37.742108;-122.49435;
6557;37.740243;-122.494211;
6558;37.740118;-122.494383;
6559;37.738619;-122.494279;
6560;37.738379;-122.494084;
6561;37.736764;-122.494152;
6562;37.736541;-122.493911;
6563;37.734854;-122.493784;
6564;37.734783;-122.494059;
6565;37.71279;-122.41954;
6566;37.712972;-122.419952;
6567;37.7134;-122.42138;
6568;37.71322;-122.42115;
6569;37.708944;-122.405204;
6570;37.710007;-122.409521;
6571;37.710203;-122.409612;
6573;37.710981;-122.413024;
6574;37.713704;-122.422116;
6575;37.713553;-122.422219;
6576;37.70986;-122.40851;
6577;37.712419;-122.418177;
6578;37.712231;-122.417536;
6580;37.71163;-122.41521;
6582;37.71059;-122.4115;
6583;37.70935;-122.40669;
6584;37.70935;-122.407;
6585;37.784889;-122.443067;
6586;37.784766;-122.443306;
6587;37.786577;-122.429863;
6588;37.786502;-122.429608;
6589;37.78531;-122.439732;
6590;37.785259;-122.43943;
6591;37.786158;-122.433151;
6592;37.786086;-122.432828;
6593;37.787207;-122.424924;
6594;37.788216;-122.416908;
6595;37.788643;-122.413618;
6596;37.789818;-122.404378;
6597;37.788011;-122.418536;
6598;37.788429;-122.415269;
6599;37.786724;-122.428706;
6600;37.786647;-122.428457;
6601;37.789062;-122.410316;
6602;37.786933;-122.427062;
6603;37.787797;-122.420198;
6604;37.789266;-122.408677;
6605;37.784383;-122.446175;
6606;37.790298;-122.400674;
6607;37.78552;-122.438078;
6608;37.785402;-122.438322;
6609;37.785942;-122.434793;
6610;37.785794;-122.435028;
6611;37.78948;-122.407026;
6612;37.788857;-122.411956;
6613;37.78763;-122.42154;
6614;37.743204;-122.473429;
6615;37.743068;-122.473705;
6616;37.74311;-122.475444;
6617;37.742971;-122.475821;
6618;37.742967;-122.478791;
6619;37.74289;-122.478426;
6620;37.742872;-122.48045;
6621;37.742735;-122.481199;
6622;37.74278;-122.483068;
6623;37.742653;-122.483324;
6624;37.742684;-122.485212;
6625;37.74254;-122.485467;
6626;37.74259;-122.487338;
6627;37.742461;-122.487615;
6628;37.74249;-122.489489;
6629;37.742355;-122.489749;
6630;37.742354;-122.492708;
6631;37.742235;-122.492961;
6632;37.742124;-122.498055;
6633;37.74199;-122.498316;
6634;37.742021;-122.500202;
6635;37.7419;-122.500461;
6636;37.741924;-122.502346;
6637;37.741804;-122.502606;
6638;37.741823;-122.50449;
6640;37.742267;-122.494218;
6641;37.742179;-122.494651;
6642;37.804963;-122.415066;
6644;37.805257;-122.415307;
6645;37.803758;-122.414998;
6646;37.804383;-122.414952;
6651;37.801766;-122.405677;
6652;37.803006;-122.406789;
6653;37.802988;-122.40664;
6654;37.801846;-122.405735;
6655;37.802721;-122.406617;
6656;37.802605;-122.406457;
6657;37.7629;-122.389664;
6658;37.73679;-122.445672;
6659;37.736835;-122.445867;
6660;37.733953;-122.446359;
6661;37.73399;-122.44664;
6662;37.7377;-122.446634;
6663;37.738931;-122.44605;
6664;37.738967;-122.446245;
6665;37.743063;-122.451182;
6666;37.735693;-122.446462;
6667;37.734345;-122.448776;
6668;37.735523;-122.446325;
6669;37.743491;-122.451388;
6670;37.739895;-122.447734;
6671;37.73985;-122.448009;
6672;37.74184;-122.450472;
6673;37.741733;-122.450529;
6675;37.737477;-122.446336;
6676;37.742599;-122.450655;
6677;37.745079;-122.452099;
6678;37.740975;-122.449223;
6679;37.740707;-122.449177;
6680;37.73447;-122.445283;
6681;37.734568;-122.4455;
6684;37.81622;-122.37144;
6685;37.81602;-122.3718;
6686;37.7439;-122.398814;
6687;37.743936;-122.399009;
6688;37.742313;-122.400442;
6689;37.741492;-122.400992;
6690;37.741073;-122.401565;
6691;37.778981;-122.392452;
6692;37.778723;-122.393037;
6694;37.777189;-122.394975;
6695;37.776984;-122.394986;
6696;37.775432;-122.3972;
6697;37.775227;-122.397211;
6698;37.773675;-122.399424;
6699;37.77347;-122.399436;
6700;37.771704;-122.401661;
6701;37.771695;-122.401947;
6702;37.7333;-122.39762;
6703;37.7318;-122.39555;
6704;37.73117;-122.39527;
6705;37.73201;-122.39592;
6706;37.73097;-122.42639;
6707;37.73084;-122.42624;
6708;37.73095;-122.42192;
6709;37.77715;-122.45818;
6710;37.779288;-122.442174;
6711;37.779163;-122.442151;
6712;37.779511;-122.440295;
6713;37.779359;-122.440489;
6714;37.778093;-122.451699;
6715;37.778012;-122.451367;
6716;37.778914;-122.445246;
6717;37.778762;-122.445441;
6718;37.782621;-122.415856;
6719;37.783039;-122.412577;
6720;37.782461;-122.417197;
6721;37.782835;-122.414217;
6722;37.77911;-122.443596;
6723;37.778958;-122.443791;
6724;37.778664;-122.447206;
6725;37.778548;-122.447138;
6726;37.78218;-122.41926;
6727;37.777905;-122.453281;
6728;37.777754;-122.453476;
6729;37.778235;-122.44959;
6730;37.778351;-122.449659;
6731;37.777637;-122.455367;
6732;37.777557;-122.455035;
6733;37.783387;-122.409895;
6734;37.78195;-122.42107;
6735;37.74072;-122.48722;
6736;37.741535;-122.46847;
6737;37.741435;-122.4688;
6738;37.741174;-122.46626;
6739;37.740956;-122.4658;
6740;37.74092;-122.465777;
6744;37.74092;-122.466006;
6745;37.795902;-122.445314;
6746;37.79575;-122.445509;
6748;37.797427;-122.432302;
6750;37.800411;-122.409932;
6751;37.800197;-122.410643;
6752;37.796321;-122.44199;
6753;37.79617;-122.442184;
6754;37.797124;-122.435661;
6755;37.797043;-122.435328;
6756;37.798211;-122.427177;
6757;37.79806;-122.427371;
6758;37.80068;-122.4075;
6759;37.8006;-122.40769;
6760;37.799271;-122.418956;
6761;37.79912;-122.419151;
6762;37.79969;-122.415665;
6763;37.799538;-122.41586;
6764;37.800909;-122.405965;
6765;37.800758;-122.406102;
6766;37.799066;-122.420607;
6767;37.79895;-122.420527;
6768;37.799449;-122.417545;
6769;37.799324;-122.417511;
6770;37.797792;-122.430456;
6771;37.797641;-122.430651;
6772;37.795599;-122.446702;
6773;37.800108;-122.412374;
6774;37.799957;-122.412569;
6775;37.801087;-122.404474;
6776;37.800962;-122.404508;
6777;37.79674;-122.438688;
6778;37.796589;-122.438883;
6779;37.798799;-122.422499;
6780;37.798683;-122.42243;
6781;37.79687;-122.43714;
6782;37.800366;-122.409267;
6783;37.799895;-122.414025;
6785;37.799743;-122.41422;
6786;37.798585;-122.424241;
6787;37.798469;-122.42415;
6788;37.72514;-122.41354;
6789;37.72499;-122.41339;
6792;37.72739;-122.41439;
6793;37.72273;-122.41253;
6796;37.76582;-122.4428;
6797;37.76545;-122.44338;
6798;37.79608;-122.423331;
6799;37.790439;-122.422261;
6800;37.80258;-122.42464;
6801;37.802431;-122.424905;
6803;37.79245;-122.4226;
6804;37.7832;-122.42073;
6805;37.7825;-122.42089;
6806;37.804287;-122.424996;
6807;37.785683;-122.421403;
6808;37.78578;-122.42155;
6809;37.800477;-122.424298;
6810;37.800334;-122.424424;
6811;37.77869;-122.41982;
6812;37.77787;-122.41992;
6813;37.794177;-122.423005;
6814;37.793829;-122.423131;
6815;37.7799;-122.42006;
6816;37.779687;-122.420324;
6817;37.775305;-122.419194;
6818;37.805161;-122.425248;
6819;37.80468;-122.425363;
6821;37.775527;-122.419482;
6823;37.784817;-122.421128;
6824;37.784683;-122.421254;
6825;37.79489;-122.4234;
6826;37.789509;-122.422304;
6827;37.78611;-122.42133;
6828;37.79134;-122.422616;
6829;37.78783;-122.42166;
6830;37.787396;-122.421838;
6831;37.78229;-122.42054;
6832;37.798621;-122.424104;
6833;37.798469;-122.423863;
6834;37.79641;-122.4237;
6835;37.738765;-122.487131;
6836;37.738079;-122.50531;
6837;37.73968;-122.46677;
6838;37.73946;-122.46659;
6839;37.72703;-122.38854;
6840;37.72707;-122.38883;
6841;37.72808;-122.39042;
6842;37.72789;-122.39027;
6843;37.729202;-122.392238;
6844;37.73037;-122.39991;
6845;37.712765;-122.412371;
6846;37.71273;-122.41263;
6847;37.710567;-122.404493;
6848;37.7117;-122.40896;
6850;37.711488;-122.407791;
6851;37.71144;-122.40807;
6852;37.713283;-122.414237;
6853;37.71324;-122.41453;
6854;37.712247;-122.410504;
6855;37.71219;-122.41078;
6877;37.75186;-122.42074;
6878;37.75075;-122.42044;
6879;37.75028;-122.42059;
6881;37.748217;-122.420213;
6882;37.747994;-122.420351;
6886;37.74674;-122.42024;
6896;37.737868;-122.469053;
6898;37.737859;-122.469042;
6899;37.736485;-122.470519;
6904;37.73984;-122.46698;
6905;37.739617;-122.46698;
6906;37.787492;-122.44852;
6907;37.75368;-122.457977;
6908;37.755402;-122.461312;
6909;37.75691;-122.461484;
6910;37.757722;-122.461897;
6911;37.75376;-122.459971;
6912;37.754474;-122.461083;
6913;37.758694;-122.463135;
6914;37.75534;-122.45635;
6915;37.791921;-122.431191;
6916;37.791503;-122.434481;
6917;37.792759;-122.42461;
6918;37.792545;-122.42625;
6919;37.79363;-122.41804;
6920;37.794042;-122.414693;
6921;37.79341;-122.4198;
6922;37.793828;-122.416287;
6923;37.79218;-122.429116;
6924;37.79453;-122.41136;
6925;37.794442;-122.411529;
6926;37.793187;-122.421274;
6927;37.794629;-122.410038;
6928;37.795733;-122.402064;
6929;37.794255;-122.413008;
6930;37.79308;-122.42243;
6931;37.791716;-122.432842;
6932;37.736125;-122.504351;
6933;37.746489;-122.456441;
6934;37.74638;-122.45535;
6935;37.746283;-122.455593;
6936;37.746283;-122.455548;
6937;37.745766;-122.452431;
6938;37.745623;-122.452225;
6939;37.745766;-122.453829;
6940;37.745695;-122.454058;
6941;37.800943;-122.434502;
6942;37.71705;-122.40438;
6944;37.716357;-122.401237;
6945;37.71782;-122.40718;
6946;37.716615;-122.400252;
6949;37.716286;-122.402302;
6950;37.727017;-122.475922;
6951;37.726883;-122.475739;
6952;37.72806;-122.478488;
6953;37.727997;-122.478672;
6954;37.727122;-122.483299;
6955;37.726979;-122.48331;
6957;37.75719;-122.39886;
6961;37.752287;-122.398556;
6962;37.751279;-122.398282;
6964;37.753447;-122.39867;
6966;37.75577;-122.39872;
6968;37.72938;-122.39295;
6969;37.72925;-122.39285;
6970;37.72973;-122.39525;
6971;37.72349;-122.40941;
6972;37.72338;-122.40961;
6978;37.72374;-122.40841;
6979;37.72362;-122.40864;
6980;37.72271;-122.41238;
6981;37.738903;-122.427491;
6982;37.733337;-122.383322;
6983;37.733248;-122.383082;
6984;37.77235;-122.484077;
6985;37.733604;-122.45896;
6986;37.733702;-122.459189;
6987;37.734559;-122.459659;
6988;37.734389;-122.459705;
6989;37.73531;-122.46055;
6990;37.732623;-122.458719;
6991;37.762683;-122.435289;
6992;37.793143;-122.396396;
6993;37.74817;-122.459192;
6994;37.788791;-122.402127;
6995;37.7843;-122.407822;
6996;37.775234;-122.41934;
6997;37.778675;-122.414995;
6998;37.767327;-122.429321;
6999;37.774587;-122.405005;
7004;37.823245;-122.374986;
7005;37.798401;-122.401907;
7006;37.71097;-122.39661;
7007;37.711;-122.39636;
7008;37.71121;-122.39723;
7009;37.71119;-122.39747;
7010;37.71159;-122.39919;
7011;37.71162;-122.39896;
7012;37.71201;-122.40092;
7014;37.77677;-122.44496;
7019;37.782893;-122.466422;
7020;37.7493;-122.44508;
7023;37.73327;-122.41526;
7025;37.76735;-122.444823;
7026;37.713301;-122.415486;
7028;37.798668;-122.445108;
7032;37.742528;-122.404165;
7036;37.723031;-122.452453;
7038;37.807604;-122.412248;
7039;37.713852;-122.406724;
7041;37.71534;-122.40619;
7044;37.7099;-122.408536;
7046;37.71135;-122.40793;
7056;37.797578;-122.432107;
7057;37.71612;-122.41374;
7058;37.740893;-122.465846;
7061;37.717349;-122.405211;
7065;37.721244;-122.475096;
7067;37.72205;-122.43975;
7073;37.767384;-122.428893;
7074;37.76932;-122.42903;
7075;37.76922;-122.43365;
7077;37.740905;-122.384564;
7092;37.76107;-122.48949;
7099;37.70602;-122.46126;
7103;37.72722;-122.46678;
7106;37.72598;-122.46436;
7109;37.734825;-122.471446;
7111;37.71847;-122.44864;
7113;37.731628;-122.471707;
7114;37.731271;-122.471818;
7120;37.76064;-122.49914;
7122;37.76149;-122.47983;
7125;37.738064;-122.468984;
7126;37.7577;-122.39176;
7127;37.707136;-122.415706;
7128;37.7166;-122.40572;
7129;37.779354;-122.410505;
7142;37.790439;-122.42202;
7145;37.784627;-122.387977;
7149;37.798052;-122.45013;
7151;37.73985;-122.46504;
7160;37.784792;-122.466819;
7162;37.769463;-122.429133;
7164;37.720613;-122.446577;
7165;37.720622;-122.446566;
7166;37.776278;-122.393864;
7170;37.742709;-122.387931;
7171;37.722404;-122.395667;
7179;37.708837;-122.405067;
7180;37.72922;-122.392753;
7181;37.80283;-122.413978;
7184;37.793633;-122.395605;
7185;37.797849;-122.407342;
7186;37.765384;-122.477186;
7187;37.734388;-122.379358;
7188;37.791315;-122.399676;
7191;37.713395;-122.401995;
7193;37.720104;-122.457034;
7194;37.720104;-122.459072;
7195;37.720095;-122.461111;
7196;37.719764;-122.465234;
7203;37.794177;-122.421732;
7204;37.773206;-122.509876;
7205;37.734914;-122.4714;
7208;37.735394;-122.50493;
7209;37.734733;-122.415052;
7211;37.728783;-122.475786;
7213;37.739711;-122.41017;
7214;37.78044;-122.403466;
7215;37.785358;-122.409367;
7217;37.793152;-122.396431;
7219;37.760348;-122.509201;
7220;37.763014;-122.446966;
7223;37.796874;-122.43714;
7227;37.794454;-122.394917;
7228;37.746016;-122.443483;
7229;37.746676;-122.443208;
7230;37.713279;-122.456174;
7231;37.758023;-122.473791;
7234;37.825033;-122.530266;
7235;37.777278;-122.394631;
7237;37.724123;-122.485164;
7248;37.720522;-122.425882;
7249;37.72014;-122.455923;
7250;37.783258;-122.459105;
7251;37.73828;-122.437252;
7252;37.769392;-122.433694;
7253;37.762674;-122.435197;
7254;37.813134;-122.371017;
7263;37.751377;-122.431991;
7264;37.79094;-122.399195;
7269;37.747836;-122.45879;
7281;37.805146;-122.403233;
7282;37.765878;-122.450094;
7283;37.794828;-122.39377;
7285;37.744039;-122.390473;
7286;37.746164;-122.39392;
7287;37.780382;-122.416843;
7288;37.734773;-122.401592;
7289;37.7654;-122.415428;
7290;37.748201;-122.433893;
7294;37.793527;-122.396797;
7295;37.767305;-122.446473;
7297;37.708801;-122.40525;
7298;37.767334;-122.407623;
7299;37.772994;-122.418485;
7300;37.709306;-122.423217;
7301;37.78585;-122.41198;
7302;37.791066;-122.400949;
7303;37.725482;-122.394245;
7304;37.709083;-122.423102;
7306;37.738091;-122.469042;
7307;37.740038;-122.450541;
7308;37.758426;-122.463856;
7309;37.784314;-122.408576;
7310;37.766698;-122.438279;
7312;37.752444;-122.414128;
7313;37.738371;-122.407306;
7315;37.786099;-122.409767;
7316;37.767786;-122.428996;
7318;37.769134;-122.433076;
7319;37.776023;-122.40238;
7320;37.723127;-122.395243;
7321;37.769557;-122.389296;
7324;37.769317;-122.389445;
7325;37.719585;-122.469953;
7326;37.719594;-122.468155;
7328;37.711897;-122.405775;
7329;37.711138;-122.403794;
7330;37.713343;-122.407148;
7331;37.713844;-122.409049;
7332;37.715032;-122.413469;
7333;37.713345;-122.414443;
7334;37.712226;-122.402179;
7335;37.714424;-122.411213;
7342;37.722413;-122.395644;
7343;37.725491;-122.394222;
7344;37.725464;-122.394256;
7345;37.729291;-122.392604;
7346;37.729264;-122.392638;
7347;37.722449;-122.39561;
7352;37.742726;-122.38792;
7353;37.748999;-122.387445;
7354;37.755414;-122.388001;
7355;37.760518;-122.388558;
7356;37.764391;-122.388853;
7357;37.769049;-122.389308;
7358;37.772993;-122.389717;
7359;37.772832;-122.389717;
7360;37.76854;-122.389274;
7361;37.764239;-122.388865;
7362;37.760376;-122.388558;
7363;37.75529;-122.388012;
7364;37.749079;-122.387479;
7365;37.742727;-122.388034;
7366;37.776153;-122.393944;
7376;37.718809;-122.397468;
7377;37.748945;-122.387422;
7378;37.749097;-122.387571;
7380;37.78957;-122.388489;
7381;37.764427;-122.388761;
7382;37.764177;-122.388945;
7390;37.739916;-122.388907;
7391;37.737641;-122.389711;
7392;37.73435;-122.390859;
7393;37.73228;-122.391536;
7394;37.718827;-122.397491;
7395;37.712253;-122.402316;
7396;37.70897;-122.405055;
7397;37.776252;-122.394036;
7398;37.708997;-122.405021;
7399;37.712226;-122.402339;
7401;37.732262;-122.391502;
7402;37.734358;-122.390836;
7403;37.737641;-122.389688;
7404;37.739916;-122.388884;
7408;37.775118;-122.418255;
7410;37.786256;-122.399061;
7411;37.786077;-122.399256;
7421;37.773825;-122.423871;
7423;37.778784;-122.414723;
7425;37.733148;-122.465501;
7428;37.741406;-122.387153;
7431;37.728606;-122.428571;
7440;37.752808;-122.386823;
7444;37.793127;-122.400099;
7447;37.7846;-122.387954;
7448;37.727258;-122.475098;
7449;37.727195;-122.474846;
7455;37.77263;-122.425396;
7463;37.778383;-122.418311;
7473;37.758074;-122.388239;
7476;37.80484;-122.425352;
7496;37.78563;-122.396723;
7499;37.774872;-122.453086;
7518;37.753067;-122.40621;
7522;37.706296;-122.413084;
7523;37.755158;-122.393008;
7524;37.752624;-122.392758;
7525;37.752348;-122.394695;
7526;37.752463;-122.39277;
7527;37.755015;-122.392791;
7528;37.731695;-122.448753;
7529;37.803377;-122.423793;
7532;37.752275;-122.416167;
7538;37.775379;-122.464834;
7539;37.775263;-122.465006;
7543;37.782498;-122.473077;
7544;37.761326;-122.397473;
7545;37.754678;-122.396779;
7546;37.754705;-122.396572;
7547;37.780702;-122.390559;
7548;37.786755;-122.398143;
7549;37.788282;-122.400068;
7550;37.790352;-122.400502;
7551;37.7481;-122.418082;
7552;37.748376;-122.413579;
7553;37.792743;-122.432807;
7554;37.706613;-122.459196;
7555;37.820001;-122.36633;
7556;37.822375;-122.367968;
7557;37.825232;-122.369914;
7558;37.828311;-122.371964;
7560;37.824056;-122.372714;
7561;37.77306;-122.452513;
7562;37.79266;-122.394001;
7563;37.781166;-122.412189;
7568;37.801907;-122.443331;
7572;37.748592;-122.473834;
7573;37.748833;-122.473799;
7577;37.741451;-122.411223;
7588;37.785514;-122.396597;
7590;37.823521;-122.373907;
7592;37.748056;-122.420064;
7605;37.789814;-122.394244;
7607;37.719682;-122.475565;
7617;37.789385;-122.393751;
7619;37.789689;-122.394037;
7620;37.790545;-122.393303;
7621;37.803647;-122.443422;
7622;37.77645;-122.398723;
7623;37.790608;-122.393326;
7624;37.730666;-122.501697;
7626;37.73327;-122.413919;
7629;37.761752;-122.47707;
7631;37.760394;-122.508009;
7632;37.743804;-122.383313;
7635;37.780889;-122.413587;
7636;37.772006;-122.430485;
7638;37.723433;-122.440816;
7645;37.833698;-122.49381;
7646;37.833148;-122.483383;
7647;37.833609;-122.493902;
7649;37.787214;-122.409962;
7650;37.77894;-122.401828;
7651;37.783502;-122.407625;
7669;37.777375;-122.416305;
7671;37.71641;-122.441;
7676;37.791303;-122.392408;
7677;37.776133;-122.411606;
7683;37.770233;-122.403828;
7684;37.771322;-122.405237;
7685;37.748059;-122.444904;
7687;37.762522;-122.460947;
7688;37.76279;-122.459961;
7689;37.734894;-122.415682;
7691;37.821831;-122.529689;
7692;37.830373;-122.524399;
